[gd_scene load_steps=49 format=2]

[ext_resource path="res://scenes/characters/character.tscn" type="PackedScene" id=1]
[ext_resource path="res://scenes/characters/player/player.gd" type="Script" id=2]
[ext_resource path="res://scenes/characters/player/player_hit.gd" type="Script" id=3]
[ext_resource path="res://resources/effects/BloodOverlay1.png" type="Texture" id=4]
[ext_resource path="res://resources/effects/whiteScreen.png" type="Texture" id=5]
[ext_resource path="res://scenes/characters/player/player_controller.gd" type="Script" id=6]
[ext_resource path="res://resources/art/grab.png" type="Texture" id=7]
[ext_resource path="res://resources/sounds/377206__tnturner__tinnitus.mp3" type="AudioStream" id=8]
[ext_resource path="res://scenes/characters/player/tinnitus.gd" type="Script" id=9]
[ext_resource path="res://scenes/characters/player/FPS_control_mode.gd" type="Script" id=10]
[ext_resource path="res://resources/effects/bloodScreen.png" type="Texture" id=11]
[ext_resource path="res://scenes/characters/player/Indication_canvas.gd" type="Script" id=12]
[ext_resource path="res://scenes/characters/player/hp_display.gd" type="Script" id=13]
[ext_resource path="res://resources/art/health/health.png" type="Texture" id=14]
[ext_resource path="res://addons/thief_controller/scripts/player/player_camera.gd" type="Script" id=15]
[ext_resource path="res://scenes/characters/player/player_death.gd" type="Script" id=16]
[ext_resource path="res://resources/sounds/death_sound.wav" type="AudioStream" id=17]
[ext_resource path="res://resources/art/flame-xxl.png" type="Texture" id=18]
[ext_resource path="res://addons/thief_controller/texture/player ui/normal.png" type="Texture" id=20]
[ext_resource path="res://resources/fonts/conjuring.ttf" type="DynamicFontData" id=21]
[ext_resource path="res://scenes/characters/player/EffectOrigin.gd" type="Script" id=22]
[ext_resource path="res://scenes/characters/player/GridEffect.material" type="Material" id=23]

[sub_resource type="SpatialMaterial" id=3]
albedo_color = Color( 0.462745, 0.733333, 1, 1 )

[sub_resource type="CapsuleMesh" id=18]
material = SubResource( 3 )
radius = 0.3
mid_height = 1.2
radial_segments = 16
rings = 4

[sub_resource type="QuadMesh" id=38]
size = Vector2( 2, 2 )

[sub_resource type="CapsuleShape" id=39]
radius = 0.3
height = 1.2

[sub_resource type="SphereShape" id=40]
radius = 0.5

[sub_resource type="CubeMesh" id=19]
size = Vector3( 0.05, 0.05, 0.05 )

[sub_resource type="SpatialMaterial" id=20]
flags_unshaded = true
albedo_color = Color( 1, 0, 0, 1 )

[sub_resource type="SpatialMaterial" id=21]
flags_unshaded = true
albedo_color = Color( 0.219608, 1, 0, 1 )

[sub_resource type="Curve" id=16]
min_value = -100.0
max_value = 0.0
_data = [ Vector2( 0, -100 ), 0.0, 0.0, 0, 0, Vector2( 1, 0 ), 0.0, 0.0, 0, 0 ]

[sub_resource type="Animation" id=22]
length = 0.001
tracks/0/type = "value"
tracks/0/path = NodePath("ColorRect:modulate")
tracks/0/interp = 1
tracks/0/loop_wrap = true
tracks/0/imported = false
tracks/0/enabled = true
tracks/0/keys = {
"times": PoolRealArray( 0 ),
"transitions": PoolRealArray( 1 ),
"update": 0,
"values": [ Color( 1, 1, 1, 1 ) ]
}

[sub_resource type="Animation" id=23]
resource_name = "hit_effect"
length = 0.9
step = 0.01
tracks/0/type = "value"
tracks/0/path = NodePath("ColorRect:modulate")
tracks/0/interp = 1
tracks/0/loop_wrap = true
tracks/0/imported = false
tracks/0/enabled = true
tracks/0/keys = {
"times": PoolRealArray( 0, 0.9 ),
"transitions": PoolRealArray( 2.46229, 1.6245 ),
"update": 0,
"values": [ Color( 1, 1, 1, 1 ), Color( 1, 1, 1, 0 ) ]
}

[sub_resource type="DynamicFont" id=37]
size = 25
font_data = ExtResource( 21 )

[sub_resource type="Animation" id=32]
length = 0.001
tracks/0/type = "value"
tracks/0/path = NodePath("MeshInstance:rotation_degrees")
tracks/0/interp = 1
tracks/0/loop_wrap = true
tracks/0/imported = false
tracks/0/enabled = true
tracks/0/keys = {
"times": PoolRealArray( 0 ),
"transitions": PoolRealArray( 1 ),
"update": 0,
"values": [ Vector3( 0, 0, 0 ) ]
}
tracks/1/type = "value"
tracks/1/path = NodePath("MeshInstance2:rotation_degrees")
tracks/1/interp = 1
tracks/1/loop_wrap = true
tracks/1/imported = false
tracks/1/enabled = true
tracks/1/keys = {
"times": PoolRealArray( 0 ),
"transitions": PoolRealArray( 1 ),
"update": 0,
"values": [ Vector3( 0, 0, 0 ) ]
}

[sub_resource type="Animation" id=31]
resource_name = "rotate"
length = 15.0
loop = true
tracks/0/type = "value"
tracks/0/path = NodePath("MeshInstance:rotation_degrees")
tracks/0/interp = 1
tracks/0/loop_wrap = true
tracks/0/imported = false
tracks/0/enabled = true
tracks/0/keys = {
"times": PoolRealArray( 0, 15 ),
"transitions": PoolRealArray( 1, 1 ),
"update": 0,
"values": [ Vector3( 0, 0, 0 ), Vector3( 0, 360, 0 ) ]
}
tracks/1/type = "value"
tracks/1/path = NodePath("MeshInstance2:rotation_degrees")
tracks/1/interp = 1
tracks/1/loop_wrap = true
tracks/1/imported = false
tracks/1/enabled = true
tracks/1/keys = {
"times": PoolRealArray( 0, 15 ),
"transitions": PoolRealArray( 1, 1 ),
"update": 0,
"values": [ Vector3( 0, 0, 0 ), Vector3( 0, -360, 0 ) ]
}

[sub_resource type="Animation" id=27]
length = 0.001

[sub_resource type="Animation" id=24]
resource_name = "fadeIn"
length = 1.5
tracks/0/type = "value"
tracks/0/path = NodePath("MeshInstance:mesh:material:albedo_color")
tracks/0/interp = 1
tracks/0/loop_wrap = true
tracks/0/imported = false
tracks/0/enabled = true
tracks/0/keys = {
"times": PoolRealArray( 0, 1.5 ),
"transitions": PoolRealArray( 1, 1 ),
"update": 0,
"values": [ Color( 1, 1, 1, 0 ), Color( 1, 1, 1, 1 ) ]
}
tracks/1/type = "value"
tracks/1/path = NodePath("MeshInstance2:mesh:material:albedo_color")
tracks/1/interp = 1
tracks/1/loop_wrap = true
tracks/1/imported = false
tracks/1/enabled = true
tracks/1/keys = {
"times": PoolRealArray( 0, 1.5 ),
"transitions": PoolRealArray( 1, 1 ),
"update": 0,
"values": [ Color( 1, 1, 1, 0 ), Color( 1, 1, 1, 1 ) ]
}

[sub_resource type="Animation" id=30]
resource_name = "fadeOut"
length = 0.5
tracks/0/type = "value"
tracks/0/path = NodePath("MeshInstance2:mesh:material:albedo_color")
tracks/0/interp = 1
tracks/0/loop_wrap = true
tracks/0/imported = false
tracks/0/enabled = true
tracks/0/keys = {
"times": PoolRealArray( 0, 0.5 ),
"transitions": PoolRealArray( 1, 1 ),
"update": 0,
"values": [ Color( 1, 1, 1, 1 ), Color( 1, 1, 1, 0 ) ]
}
tracks/1/type = "value"
tracks/1/path = NodePath("MeshInstance:mesh:material:albedo_color")
tracks/1/interp = 1
tracks/1/loop_wrap = true
tracks/1/imported = false
tracks/1/enabled = true
tracks/1/keys = {
"times": PoolRealArray( 0, 0.5 ),
"transitions": PoolRealArray( 1, 1 ),
"update": 0,
"values": [ Color( 1, 1, 1, 1 ), Color( 1, 1, 1, 0 ) ]
}

[sub_resource type="SpatialMaterial" id=25]
flags_transparent = true
albedo_color = Color( 1, 1, 1, 0 )
albedo_texture = ExtResource( 14 )
emission_enabled = true
emission = Color( 1, 1, 1, 1 )
emission_energy = 3.0
emission_operator = 0
emission_on_uv2 = false

[sub_resource type="PlaneMesh" id=26]
material = SubResource( 25 )

[sub_resource type="SpatialMaterial" id=28]
flags_transparent = true
albedo_color = Color( 1, 1, 1, 0 )
albedo_texture = ExtResource( 14 )
emission_enabled = true
emission = Color( 1, 1, 1, 1 )
emission_energy = 3.0
emission_operator = 0
emission_on_uv2 = false

[sub_resource type="PlaneMesh" id=29]
material = SubResource( 28 )

[sub_resource type="Shader" id=33]
code = "shader_type canvas_item;

void fragment() {
	COLOR = texture(SCREEN_TEXTURE, SCREEN_UV);
	COLOR.rgb = vec3(COLOR.r + COLOR.g + COLOR.b) / 3.0;
}"

[sub_resource type="ShaderMaterial" id=34]
shader = SubResource( 33 )

[sub_resource type="BoxShape" id=36]

[sub_resource type="SpatialMaterial" id=35]
albedo_color = Color( 0, 0, 0, 1 )

[sub_resource type="CubeMesh" id=17]
material = SubResource( 35 )
size = Vector3( 0.3, 0.1, 0.5 )

[node name="Player" instance=ExtResource( 1 )]
collision_layer = 18
script = ExtResource( 2 )

[node name="CollisionShape" parent="." index="0"]
transform = Transform( 1, 0, 0, 0, -4.37114e-08, -1, 0, 1, -4.37114e-08, 0, 0.869678, 0 )

[node name="CollisionShape2" parent="." index="1"]
transform = Transform( 1, 0, 0, 0, 0, -1, 0, 1, 0, 0, 0.316957, 0 )
disabled = true

[node name="MainHandEquipmentRoot" parent="." index="2"]
transform = Transform( 1, 0, 0, 0, 0.866025, 0.5, 0, -0.5, 0.866025, 0.2, 1.2, -0.3 )

[node name="ViewportContainer2" type="ViewportContainer" parent="." index="4"]
anchor_right = 1.0
anchor_bottom = 1.0
mouse_filter = 2
stretch = true

[node name="Viewport" type="Viewport" parent="ViewportContainer2" index="0"]
size = Vector2( 1024, 600 )
transparent_bg = true
handle_input_locally = false
render_target_update_mode = 3

[node name="GunCam" type="Camera" parent="ViewportContainer2/Viewport" index="0"]
transform = Transform( 1, 0, 0, 0, 1, 0, 0, 0, 1, 0, 1.35, -0.2 )
cull_mask = 2
current = true

[node name="Body" parent="." index="5"]
transform = Transform( 1, 0, 0, 0, 1, 0, 0, 0, 1, 0, -0.0303217, 0 )

[node name="Listener" type="Listener" parent="Body" index="0"]
transform = Transform( 1, 0, 0, 0, 1, 0, 0, 0, 1, 0.003488, 1.34281, 0 )

[node name="Listener" type="Listener" parent="Body" index="1"]
transform = Transform( 1, 0, 0, 0, 1, 0, 0, 0, 1, 0.003488, 1.34281, 0 )

[node name="Equipment" type="Spatial" parent="Body" index="2"]
transform = Transform( 1, 0, 0, 0, 1, 0, 0, 0, 1, 0, 0.9, -0.4 )

[node name="BodyMesh" type="MeshInstance" parent="Body" index="3"]
transform = Transform( -4.37114e-08, 1, -4.37114e-08, 0, -4.37114e-08, -1, -1, -4.37114e-08, 1.91069e-15, 0, 0.9, 0 )
visible = false
mesh = SubResource( 18 )
skeleton = NodePath("../..")

[node name="Equipment" type="Spatial" parent="Body" index="4"]
transform = Transform( 1, 0, 0, 0, 1, 0, 0, 0, 1, 0, 0.9, -0.4 )

[node name="DropPosition" parent="Body" index="5"]
visible = true

[node name="EffectOrigin" type="Position3D" parent="Body" index="7"]
script = ExtResource( 22 )
material = ExtResource( 23 )
uniform_name_position = "EFFECT_POSITION"

[node name="RippleEffect" type="MeshInstance" parent="Body" index="8"]
visible = false
material_override = ExtResource( 23 )
extra_cull_margin = 100.0
mesh = SubResource( 38 )

[node name="Physical Bone DEF-spine" parent="Body/Skeleton" index="0"]
transform = Transform( 1, -7.81597e-14, -5.32907e-15, -4.29466e-16, -0.24964, -0.968339, 5.68434e-14, 0.968339, -0.24964, 0.00569725, 0.970537, -0.032423 )
joint_offset = Transform( 1, 0, 0, 0, 1, 0, 0, 0, 1, 3.63283e-16, 9.75333e-08, 0.0681686 )
body_offset = Transform( 1, -7.81597e-14, -5.32907e-15, 1.42109e-14, -1.19209e-07, -1, 5.68434e-14, 1, -1.19209e-07, 0, 0.0681686, -8.9407e-08 )

[node name="Physical Bone DEF-spine001" parent="Body/Skeleton" index="1"]
transform = Transform( 1, 3.2685e-13, -6.39488e-14, -2.56631e-15, -0.122953, -0.99241, 7.10543e-14, 0.99241, -0.122953, 0.00569722, 1.09728, -0.00788164 )
joint_offset = Transform( 1, 0, 0, 0, 1, 0, 0, 0, 1, 2.98023e-08, 1.78359e-07, 0.0611927 )
body_offset = Transform( 1, 3.2685e-13, -6.39488e-14, 6.21725e-15, 7.45058e-09, -0.999997, 7.10543e-14, 0.999997, 7.45058e-09, -2.98023e-08, 0.0611925, -1.78814e-07 )

[node name="Physical Bone DEF-spine002" parent="Body/Skeleton" index="2"]
transform = Transform( 1, -7.81597e-14, -2.22045e-15, -1.93151e-16, 0.0318129, -0.999495, 4.9738e-14, 0.999495, 0.0318129, 0.00569728, 1.23538, -0.00282136 )
joint_offset = Transform( 1, 0, 0, 0, 1, 0, 0, 0, 1, -2.7474e-08, 3.15086e-08, 0.0774242 )
body_offset = Transform( 1, -7.81597e-14, -2.22045e-15, -1.77636e-15, 2.6077e-08, -1, 4.9738e-14, 1, 2.6077e-08, 2.7474e-08, 0.0774242, -3.35276e-08 )

[node name="Physical Bone DEF-spine003" parent="Body/Skeleton" index="3"]
transform = Transform( 1, -4.9738e-14, 1.04361e-14, -1.23596e-14, 0.0285608, -0.999594, 5.68434e-14, 0.999594, 0.0285608, 0.00569725, 1.39898, -0.00774749 )
joint_offset = Transform( 1, 0, 0, 0, 1, 0, 0, 0, 1, -8.80891e-16, -7.72673e-08, 0.0862427 )
body_offset = Transform( 1, -4.9738e-14, 1.02141e-14, -1.39888e-14, 0, -1, 5.68434e-14, 1, -1.11759e-08, 0, 0.0862427, 7.82311e-08 )

[node name="Physical Bone DEF-spine004" parent="Body/Skeleton" index="4"]
transform = Transform( 1, 3.95772e-12, -4.02326e-06, -3.73969e-06, -0.368784, -0.929517, -1.48371e-06, 0.929517, -0.368784, 0.00569737, 1.51273, 0.000716294 )
joint_offset = Transform( 1, 0, 0, 0, 1, 0, 0, 0, 1, 4.65342e-10, 3.48795e-08, 0.0296299 )
body_offset = Transform( 1, 3.95772e-12, -4.02326e-06, -4.02326e-06, 8.34465e-07, -1, 9.09495e-13, 1, 8.34465e-07, 1.18744e-07, 0.0296299, -5.96046e-08 )

[node name="Physical Bone DEF-spine005" parent="Body/Skeleton" index="5"]
transform = Transform( 1, 4.74743e-07, 1.92378e-06, 1.97346e-06, -0.151267, -0.988494, -1.78278e-07, 0.988494, -0.151267, 0.00569742, 1.57451, 0.0168833 )
joint_offset = Transform( 1, 0, 0, 0, 1, 0, 0, 0, 1, 2.27776e-09, 3.7613e-08, 0.0346402 )
body_offset = Transform( 1, 9.66338e-13, 1.92378e-06, 1.92378e-06, -6.55651e-07, -1, -2.21689e-12, 1, -6.55651e-07, -6.89179e-08, 0.0346402, -1.49012e-08 )

[node name="Physical Bone DEF-shoulderL" parent="Body/Skeleton" index="6"]
transform = Transform( 0.473865, -0.0863697, -0.87636, 0.356962, 0.928596, 0.1015, 0.80501, -0.360922, 0.470858, 0.101354, 1.42845, 0.0186745 )
joint_offset = Transform( 1, 0, 0, 0, 1, 0, 0, 0, 1, -2.76463e-06, -7.18236e-06, 0.0904484 )
body_offset = Transform( 0.934098, -0.354941, -0.0385775, 1.19209e-07, 0.108051, -0.994153, 0.35703, 0.92863, 0.10093, 0.00348931, 0.0899203, -0.0091213 )

[node name="Physical Bone DEF-upper_armL" parent="Body/Skeleton" index="7"]
transform = Transform( -0.0339849, -0.0421099, -0.998535, -0.944828, -0.324339, 0.0458353, -0.325795, 0.945004, -0.0287646, 0.251859, 1.41599, -0.0218615 )
joint_offset = Transform( 1, 0, 0, 0, 1, 0, 0, 0, 1, -4.26074e-07, -3.85472e-07, 0.071345 )
body_offset = Transform( 0.999997, -2.38419e-07, -7.1153e-07, -8.54023e-07, -4.28408e-07, -1, -1.16229e-06, 1, -4.45172e-07, 4.76837e-07, 0.071345, 4.17233e-07 )

[node name="Physical Bone DEF-upper_armL001" parent="Body/Skeleton" index="8"]
transform = Transform( -0.0344296, -0.0417462, -0.998532, -0.948217, -0.314289, 0.0458348, -0.315742, 0.948408, -0.0287642, 0.39434, 1.40945, -0.0177591 )
joint_offset = Transform( 1, 0, 0, 0, 1, 0, 0, 0, 1, -6.81914e-06, -4.24012e-07, 0.0713452 )
body_offset = Transform( 0.999996, -5.96046e-08, 3.39001e-07, 4.14439e-07, 2.30968e-07, -0.999997, -2.08616e-07, 0.999998, 9.49949e-08, 6.79493e-06, 0.071345, 4.17233e-07 )

[node name="Physical Bone DEF-forearmL" parent="Body/Skeleton" index="9"]
transform = Transform( -0.0348728, -0.0630529, -0.9974, -0.951505, -0.303137, 0.0524316, -0.305655, 0.95086, -0.0494244, 0.533397, 1.40262, -0.0123455 )
joint_offset = Transform( 1, 0, 0, 0, 1, 0, 0, 0, 1, -2.3491e-06, 1.56018e-07, 0.0679932 )
body_offset = Transform( 1, 8.9407e-08, -5.15953e-07, -7.70204e-07, 3.72529e-07, -1, 3.27826e-07, 1, 3.35276e-07, 2.38419e-06, 0.0679932, -1.78814e-07 )

[node name="Physical Bone DEF-forearmL001" parent="Body/Skeleton" index="10"]
transform = Transform( -0.0342762, -0.0633796, -0.997397, -0.948604, -0.312097, 0.0524314, -0.314607, 0.947936, -0.0494246, 0.669032, 1.39549, -0.00562309 )
joint_offset = Transform( 1, 0, 0, 0, 1, 0, 0, 0, 1, 2.29455e-06, 3.89963e-07, 0.0679945 )
body_offset = Transform( 1, 1.2517e-06, -4.34928e-07, -2.49594e-07, -2.45869e-07, -0.999997, 2.68221e-07, 1, -3.72529e-08, -2.26498e-06, 0.0679943, -3.8743e-07 )

[node name="Physical Bone DEF-handL" parent="Body/Skeleton" index="11"]
transform = Transform( -0.197002, 0.287713, -0.937236, 0.977501, -0.0158735, -0.210338, -0.0753943, -0.957586, -0.278113, 0.784723, 1.40267, 0.0119453 )
joint_offset = Transform( 1, 0, 0, 0, 1, 0, 0, 0, 1, 2.84053e-07, 1.90176e-06, 0.0510815 )
body_offset = Transform( -0.911476, 0.372301, 0.17494, 1.22935e-07, 0.425279, -0.905063, -0.411354, -0.824942, -0.387631, -0.00893664, 0.0462312, 0.0198025 )

[node name="Physical Bone DEF-shoulderR" parent="Body/Skeleton" index="12"]
transform = Transform( 0.473861, 0.0863736, 0.876358, -0.356969, 0.928592, 0.101499, -0.805005, -0.360927, 0.470857, -0.0899595, 1.42845, 0.0186744 )
joint_offset = Transform( 1, 0, 0, 0, 1, 0, 0, 0, 1, 2.57301e-06, -7.1777e-06, 0.0904486 )
body_offset = Transform( 0.934092, 0.354947, 0.0385782, 8.34465e-07, 0.10805, -0.994151, -0.357037, 0.928626, 0.100929, -0.0034892, 0.0899203, -0.0091213 )

[node name="Physical Bone DEF-upper_armR" parent="Body/Skeleton" index="13"]
transform = Transform( -0.0339867, 0.0421073, 0.998535, 0.944831, -0.32434, 0.045836, 0.325795, 0.945002, -0.028762, -0.240467, 1.41599, -0.0218625 )
joint_offset = Transform( 1, 0, 0, 0, 1, 0, 0, 0, 1, -8.92272e-07, 4.84014e-07, 0.0713451 )
body_offset = Transform( 1, -5.96046e-08, 8.10251e-07, 1.12876e-06, -1.86265e-08, -1, 0, 0.999998, -1.00583e-07, 8.34465e-07, 0.0713451, -4.76837e-07 )

[node name="Physical Bone DEF-upper_armR001" parent="Body/Skeleton" index="14"]
transform = Transform( -0.0344326, 0.0417442, 0.998535, 0.948222, -0.314291, 0.045837, 0.315743, 0.94841, -0.0287617, -0.382946, 1.40945, -0.0177581 )
joint_offset = Transform( 1, 0, 0, 0, 1, 0, 0, 0, 1, -7.12947e-08, -1.61237e-07, 0.0713438 )
body_offset = Transform( 1, -1.3411e-06, 9.99309e-07, 9.98378e-07, 2.30968e-07, -1, 5.96046e-08, 1, 1.71363e-07, 0, 0.0713438, 1.49012e-07 )

[node name="Physical Bone DEF-forearmR" parent="Body/Skeleton" index="15"]
transform = Transform( -0.0348715, 0.0630543, 0.997399, 0.951506, -0.303135, 0.0524312, 0.305655, 0.950861, -0.0494264, -0.522005, 1.40262, -0.0123456 )
joint_offset = Transform( 1, 0, 0, 0, 1, 0, 0, 0, 1, 5.20721e-07, -1.32127e-07, 0.067994 )
body_offset = Transform( 1, 2.5928e-06, -6.45407e-07, -8.3074e-07, 1.78814e-07, -0.999999, -3.27826e-07, 1, 1.8999e-07, -4.76837e-07, 0.0679939, 1.19209e-07 )

[node name="Physical Bone DEF-forearmR001" parent="Body/Skeleton" index="16"]
transform = Transform( -0.0342763, 0.0633808, 0.9974, 0.948605, -0.312096, 0.0524321, 0.314606, 0.947935, -0.0494267, -0.657635, 1.39549, -0.005624 )
joint_offset = Transform( 1, 0, 0, 0, 1, 0, 0, 0, 1, -3.93612e-06, 9.06227e-07, 0.0679904 )
body_offset = Transform( 1, -8.9407e-07, 3.25963e-08, 4.47035e-08, -8.56817e-08, -1, -2.98023e-08, 1, -1.78814e-07, 3.93391e-06, 0.0679904, -8.9407e-07 )

[node name="Physical Bone DEF-handR" parent="Body/Skeleton" index="17"]
transform = Transform( -0.197001, -0.287712, 0.937238, -0.977504, -0.0158689, -0.210337, 0.07539, -0.95759, -0.278114, -0.773331, 1.40267, 0.0119431 )
joint_offset = Transform( 1, 0, 0, 0, 1, 0, 0, 0, 1, 6.0536e-07, 9.68575e-08, 0.051082 )
body_offset = Transform( -0.91148, -0.372297, -0.174938, -1.12504e-06, 0.425279, -0.905064, 0.411349, -0.824948, -0.387633, 0.00893676, 0.0462324, 0.0198009 )

[node name="Physical Bone DEF-pelvisL" parent="Body/Skeleton" index="18"]
transform = Transform( 0.0103967, -0.609805, -0.792481, -0.578526, 0.64275, -0.502174, 0.815598, 0.463693, -0.346103, 0.0495841, 0.932337, -0.0302736 )
joint_offset = Transform( 1, 0, 0, 0, 1, 0, 0, 0, 1, 1.25729e-07, -2.71015e-07, 0.0553792 )
body_offset = Transform( 0.859965, 0.479616, 0.17444, -1.49012e-07, 0.341802, -0.939768, -0.510354, 0.808171, 0.293936, -0.00966033, 0.0520437, -0.0162777 )

[node name="Physical Bone DEF-thighL" parent="Body/Skeleton" index="19"]
transform = Transform( 0.891998, -0.443383, -0.0880437, 0.0445856, -0.107528, 0.993202, -0.449835, -0.88986, -0.0761447, 0.104087, 0.840398, -0.00192554 )
joint_offset = Transform( 1, 0, 0, 0, 1, 0, 0, 0, 1, 4.14552e-08, 4.8613e-08, 0.120569 )
body_offset = Transform( 1, -2.14577e-06, -8.3819e-07, -7.63685e-07, 9.76026e-07, -1, 5.96046e-08, 1, 4.61936e-07, 5.96046e-08, 0.120569, -1.04308e-07 )

[node name="Physical Bone DEF-thighL001" parent="Body/Skeleton" index="20"]
transform = Transform( 0.891997, -0.443382, -0.0880431, 0.0445855, -0.107527, 0.993202, -0.449834, -0.88986, -0.0761443, 0.125318, 0.600897, 0.0164354 )
joint_offset = Transform( 1, 0, 0, 0, 1, 0, 0, 0, 1, -1.90729e-07, -4.62622e-07, 0.120571 )
body_offset = Transform( 0.999999, -8.64267e-07, -2.71946e-07, -6.14673e-07, -2.01166e-07, -1, 1.49012e-07, 1, -3.65078e-07, 2.23517e-07, 0.120571, 5.06639e-07 )

[node name="Physical Bone DEF-shinL" parent="Body/Skeleton" index="21"]
transform = Transform( 0.891999, -0.452037, 6.56089e-07, 0.0445861, 0.087981, 0.995121, -0.449833, -0.887649, 0.0986346, 0.135934, 0.379939, 0.0155844 )
joint_offset = Transform( 1, 0, 0, 0, 1, 0, 0, 0, 1, -8.11971e-07, 5.71405e-08, 0.101706 )
body_offset = Transform( 1, -2.08616e-07, -1.39326e-06, -1.27032e-06, 5.36442e-07, -0.999997, -1.19209e-07, 1, 1.3411e-07, 9.53674e-07, 0.101706, -7.07805e-08 )

[node name="Physical Bone DEF-shinL001" parent="Body/Skeleton" index="22"]
transform = Transform( 0.891999, -0.452036, 2.28039e-06, 0.0445848, 0.0879816, 0.995124, -0.449833, -0.88765, 0.0986344, 0.135933, 0.17752, -0.00447852 )
joint_offset = Transform( 1, 0, 0, 0, 1, 0, 0, 0, 1, -1.24389e-07, 1.86773e-07, 0.101706 )
body_offset = Transform( 1, 1.2517e-06, 1.9744e-07, -6.33299e-08, -8.9407e-08, -1, -2.98023e-08, 1, -2.98023e-07, 1.04308e-07, 0.101706, -1.56462e-07 )

[node name="Physical Bone DEF-footL" parent="Body/Skeleton" index="23"]
transform = Transform( 0.999999, -0.00117087, -2.84944e-06, -0.000990303, -0.847999, 0.529996, -0.000622904, -0.529997, -0.847999, 0.135933, 0.0456345, 0.0345716 )
joint_offset = Transform( 1, 0, 0, 0, 1, 0, 0, 0, 1, -8.35207e-08, -9.19781e-08, 0.0578797 )
body_offset = Transform( 1, 6.69388e-09, -1.38895e-06, -1.38208e-06, 4.47035e-07, -1, -8.58563e-09, 1, 1.49012e-07, 1.63913e-07, 0.0578797, 8.33534e-08 )

[node name="Physical Bone DEF-pelvisR" parent="Body/Skeleton" index="24"]
transform = Transform( 0.0103912, 0.609803, 0.792485, 0.578523, 0.642756, -0.502174, -0.8156, 0.463691, -0.346106, -0.0381906, 0.932337, -0.0302733 )
joint_offset = Transform( -0.8156, -0.578522, 0.010392, 0.463688, -0.642753, 0.609805, -0.346106, 0.502175, 0.792484, -1.56462e-07, 1.11759e-08, 0.05538 )
body_offset = Transform( 0.859968, -0.479611, -0.174439, 2.38419e-07, 0.341806, -0.939771, 0.510348, 0.808174, 0.29394, 0.00966057, 0.0520445, -0.0162783 )

[node name="Physical Bone DEF-thighR" parent="Body/Skeleton" index="25"]
transform = Transform( 0.891999, 0.443381, 0.0880431, -0.044586, -0.107526, 0.9932, 0.449835, -0.889861, -0.0761444, -0.0926926, 0.840398, -0.00192557 )
joint_offset = Transform( 1, 0, 0, 0, 1, 0, 0, 0, 1, -2.11893e-07, -1.12129e-07, 0.120569 )
body_offset = Transform( 1, 4.47035e-07, 5.21541e-07, 4.84288e-07, -7.45058e-09, -0.999998, -6.85453e-07, 1, 1.2666e-07, 1.49012e-07, 0.120569, 9.68575e-08 )

[node name="Physical Bone DEF-thighR001" parent="Body/Skeleton" index="26"]
transform = Transform( 0.891999, 0.443381, 0.0880431, -0.0445857, -0.107526, 0.993202, 0.449835, -0.889861, -0.0761442, -0.113924, 0.600897, 0.0164361 )
joint_offset = Transform( 1, 0, 0, 0, 1, 0, 0, 0, 1, -1.54048e-08, 1.69673e-07, 0.12057 )
body_offset = Transform( 1, 2.68221e-07, 6.22123e-07, 4.13507e-07, 1.2666e-07, -1, -8.9407e-08, 1, -1.71363e-07, -5.96046e-08, 0.12057, -1.49012e-07 )

[node name="Physical Bone DEF-shinR" parent="Body/Skeleton" index="27"]
transform = Transform( 0.891999, 0.452037, 1.09857e-07, -0.0445865, 0.0879799, 0.995125, 0.449834, -0.88765, 0.0986327, -0.124539, 0.379938, 0.0155851 )
joint_offset = Transform( -4.09782e-08, -0.5, 0.866026, -7.45058e-09, 0.866025, 0.5, -1, 2.23517e-08, -3.72529e-08, -4.66068e-08, -3.30284e-08, 0.101705 )
body_offset = Transform( 1, 0, 8.97795e-07, 8.3819e-07, 7.6741e-07, -1, -5.96046e-08, 1, 5.81145e-07, -4.47035e-08, 0.101705, -2.6077e-08 )

[node name="Physical Bone DEF-shinR001" parent="Body/Skeleton" index="28"]
transform = Transform( 0.891999, 0.452037, -4.74456e-07, -0.0445862, 0.0879807, 0.995124, 0.449833, -0.88765, 0.0986332, -0.124539, 0.177518, -0.00447797 )
joint_offset = Transform( 1, 0, 0, 0, 1, 0, 0, 0, 1, -6.45423e-08, 2.89174e-08, 0.101706 )
body_offset = Transform( 1, 2.98023e-08, 1.14739e-06, 1.15484e-06, 2.16067e-07, -1, -1.19209e-07, 1, 8.19564e-08, -5.21541e-08, 0.101706, -3.72529e-08 )

[node name="Physical Bone DEF-footR" parent="Body/Skeleton" index="29"]
transform = Transform( 0.999999, 0.00117043, 3.41458e-07, 0.000991538, -0.848, 0.529996, 0.000621501, -0.529996, -0.848001, -0.124538, 0.0456329, 0.0345727 )
joint_offset = Transform( 1, 0, 0, 0, 1, 0, 0, 0, 1, -4.00768e-07, -4.07028e-08, 0.0578799 )
body_offset = Transform( 1, -1.45519e-09, -2.84461e-07, -2.80503e-07, 8.9407e-08, -1, -4.5402e-09, 1, 5.96046e-08, 4.17233e-07, 0.0578799, 3.72529e-08 )

[node name="Hitbox" parent="." index="6" groups=["PLAYER"]]
transform = Transform( 1, 0, 0, 0, 1, 0, 0, 0, 1, 0, -0.0303217, 0 )
collision_layer = 4

[node name="CollisionShape" parent="PlayerStandChecker" index="0"]
shape = SubResource( 39 )

[node name="CollisionShape" parent="ClamberableChecker" index="0"]
shape = SubResource( 40 )

[node name="PlayerAimPoint" type="Spatial" parent="." index="13"]
visible = false

[node name="PlayerController" type="Node" parent="." index="14"]
script = ExtResource( 6 )
throw_strength = 10.0
grab_strength = 4.0
_grabcast = NodePath("../FPSCamera/GrabCast")
_cam_path = NodePath("../FPSCamera")
_gun_cam_path = NodePath("../ViewportContainer2/Viewport/GunCam")

[node name="FPSControlMode" type="Node" parent="PlayerController" index="0"]
script = ExtResource( 10 )
_camera = NodePath("../../FPSCamera")
_aimcast = NodePath("../../FPSCamera/AimCast")
_grabcast = NodePath("../../FPSCamera/GrabCast")

[node name="MeshInstance" type="MeshInstance" parent="PlayerController" index="1"]
cast_shadow = 0
mesh = SubResource( 19 )
material/0 = SubResource( 20 )

[node name="MeshInstance2" type="MeshInstance" parent="PlayerController" index="2"]
cast_shadow = 0
mesh = SubResource( 19 )
material/0 = SubResource( 21 )

[node name="Tinnitus" type="AudioStreamPlayer" parent="." index="15"]
process_priority = 100
stream = ExtResource( 8 )
volume_db = -13.0
script = ExtResource( 9 )
curve = SubResource( 16 )

[node name="ScreenWhite" type="CanvasLayer" parent="Tinnitus" index="0"]

[node name="TextureRect" type="TextureRect" parent="Tinnitus/ScreenWhite" index="0"]
modulate = Color( 1, 1, 1, 0 )
anchor_right = 1.0
anchor_bottom = 1.0
mouse_filter = 2
texture = ExtResource( 5 )
expand = true

[node name="HitEffect" type="CanvasLayer" parent="." index="16"]
script = ExtResource( 3 )
light_node_path = NodePath("../PlayerController")

[node name="TextureRect" type="TextureRect" parent="HitEffect" index="0"]
visible = false
anchor_right = 1.0
anchor_bottom = 1.0
mouse_filter = 2
texture = ExtResource( 4 )
expand = true

[node name="ColorRect" type="TextureRect" parent="HitEffect" index="1"]
visible = false
anchor_right = 1.0
anchor_bottom = 1.0
mouse_filter = 2
texture = ExtResource( 11 )
expand = true

[node name="AnimationPlayer" type="AnimationPlayer" parent="HitEffect" index="2"]
anims/RESET = SubResource( 22 )
anims/hit_effect = SubResource( 23 )

[node name="Tween" type="Tween" parent="HitEffect" index="3"]

[node name="Tween2" type="Tween" parent="HitEffect" index="4"]

[node name="RichTextLabel" type="RichTextLabel" parent="HitEffect" index="5"]
anchor_right = 1.0
anchor_bottom = 1.0
mouse_filter = 2
tab_size = 8
text = "dsafsdfd"

[node name="Indication_canvas" type="CanvasLayer" parent="." index="17"]
pause_mode = 2
script = ExtResource( 12 )

[node name="Indication_system" type="Control" parent="Indication_canvas" index="0"]
anchor_right = 1.0
anchor_bottom = 1.0
mouse_filter = 2

[node name="Grab" type="TextureRect" parent="Indication_canvas/Indication_system" index="0"]
visible = false
anchor_left = 0.5
anchor_top = 0.5
anchor_right = 0.5
anchor_bottom = 0.5
margin_left = -35.0
margin_top = -35.0
margin_right = 25.0
margin_bottom = 25.0
mouse_filter = 2
texture = ExtResource( 7 )
expand = true

[node name="Ignite" type="TextureRect" parent="Indication_canvas/Indication_system" index="1"]
visible = false
anchor_left = 0.5
anchor_top = 0.5
anchor_right = 0.5
anchor_bottom = 0.5
margin_left = -19.0
margin_top = -14.0
margin_right = 20.0
margin_bottom = 25.0
mouse_filter = 2
texture = ExtResource( 18 )
expand = true

[node name="Dot" type="TextureRect" parent="Indication_canvas/Indication_system" index="2"]
visible = false
anchor_right = 1.0
anchor_bottom = 1.0
mouse_filter = 2
texture = ExtResource( 20 )
expand = true
stretch_mode = 4

[node name="Label" type="Label" parent="Indication_canvas" index="1"]
visible = false
anchor_top = 0.86
anchor_right = 1.0
anchor_bottom = 1.0
custom_fonts/font = SubResource( 37 )
text = "Clamber (SPACE)"
align = 1
valign = 1

[node name="HP" type="Spatial" parent="." index="18"]
script = ExtResource( 13 )
raycast = NodePath("../FPSCamera/GroundCast")

[node name="AnimationPlayer" type="AnimationPlayer" parent="HP" index="0"]
anims/RESET = SubResource( 32 )
anims/rotate = SubResource( 31 )

[node name="AnimationPlayer2" type="AnimationPlayer" parent="HP" index="1"]
anims/RESET = SubResource( 27 )
anims/fadeIn = SubResource( 24 )
anims/fadeOut = SubResource( 30 )

[node name="MeshInstance" type="MeshInstance" parent="HP" index="2"]
transform = Transform( 0.5, 0, 0, 0, 0.5, 0, 0, 0, 0.5, 0, 0.0298637, 0 )
mesh = SubResource( 26 )

[node name="MeshInstance2" type="MeshInstance" parent="HP" index="3"]
transform = Transform( 0.8, 0, 0, 0, 0.8, 0, 0, 0, 0.8, 0, 0.0298637, 0 )
mesh = SubResource( 29 )

[node name="Timer" type="Timer" parent="HP" index="4"]
one_shot = true

[node name="PlayerDeath" type="CanvasLayer" parent="." index="19"]
pause_mode = 2
script = ExtResource( 16 )

[node name="Tween" type="Tween" parent="PlayerDeath" index="0"]

[node name="ColorRect" type="ColorRect" parent="PlayerDeath" index="1"]
visible = false
anchor_right = 1.0
anchor_bottom = 1.0
mouse_filter = 2
color = Color( 0, 0, 0, 1 )

[node name="Death" type="AudioStreamPlayer" parent="PlayerDeath" index="2"]
stream = ExtResource( 17 )
volume_db = 20.263
pitch_scale = 1.74

[node name="BW" type="ColorRect" parent="PlayerDeath" index="3"]
visible = false
material = SubResource( 34 )
anchor_right = 1.0
anchor_bottom = 1.0
mouse_filter = 2

[node name="FPSCamera" parent="." index="21"]
current = false
script = ExtResource( 15 )

[node name="AimCast" type="RayCast" parent="FPSCamera" index="0"]
transform = Transform( 1, 0, 0, 0, 1, 0, 0, 0, 1, 7.45058e-09, 0, 0 )
enabled = true
cast_to = Vector3( 0, 0, -1.5 )
collision_mask = 585
collide_with_areas = true

[node name="GrabCast" type="RayCast" parent="FPSCamera" index="1"]
transform = Transform( 1, 0, 0, 0, 1, 0, 0, 0, 1, 7.45058e-09, 0, 0 )
enabled = true
cast_to = Vector3( 0, 0, -1.5 )
collision_mask = 65
collide_with_areas = true

[node name="GroundCast" type="RayCast" parent="FPSCamera" index="2"]
transform = Transform( 1, 0, 0, 0, 1, 0, 0, 0, 1, 7.45058e-09, 0, -4.47035e-08 )
enabled = true
cast_to = Vector3( 0, 0, -1.6 )
collision_mask = 65
debug_shape_thickness = 3

[node name="GrabCastDot" type="Area" parent="FPSCamera" index="3"]
transform = Transform( 0.1, 0, 0, 0, 0.1, 0, 0, 0, 0.7, 7.45058e-09, 0, -0.805458 )
collision_layer = 2
collision_mask = 577
input_ray_pickable = false
monitorable = false

[node name="CollisionShape" type="CollisionShape" parent="FPSCamera/GrabCastDot" index="0"]
shape = SubResource( 36 )

[node name="Sunglasses" type="MeshInstance" parent="FPSCamera" index="4"]
transform = Transform( 1, 0, 0, 0, 1, 0, 0, 0, 1, 7.45058e-09, 9.89437e-06, 0.002 )
cast_shadow = 0
mesh = SubResource( 17 )
skeleton = NodePath("../..")

[connection signal="character_died" from="." to="Tinnitus" method="_on_Player_character_died"]
[connection signal="character_died" from="." to="HitEffect" method="_on_Player_character_died"]
[connection signal="character_died" from="." to="PlayerDeath" method="_on_Player_character_died"]
[connection signal="is_hit" from="." to="HitEffect" method="_on_Player_is_hit"]
[connection signal="is_hit" from="." to="HP" method="_on_Player_is_hit"]
[connection signal="is_moving" from="." to="HP" method="_on_Player_is_moving"]
[connection signal="area_entered" from="Hitbox" to="Hitbox" method="_on_Hitbox_area_entered"]
[connection signal="tween_completed" from="HitEffect/Tween" to="HitEffect" method="_on_Tween_tween_completed"]
[connection signal="tween_completed" from="HitEffect/Tween2" to="HitEffect" method="_on_Tween2_tween_completed"]
[connection signal="timeout" from="HP/Timer" to="HP" method="_on_Timer_timeout"]
[connection signal="tween_completed" from="PlayerDeath/Tween" to="PlayerDeath" method="_on_Tween_tween_completed"]
[connection signal="area_entered" from="FPSCamera/GrabCastDot" to="." method="_on_GrabCastDot_area_entered"]
[connection signal="area_exited" from="FPSCamera/GrabCastDot" to="." method="_on_GrabCastDot_area_exited"]
[connection signal="body_entered" from="FPSCamera/GrabCastDot" to="." method="_on_GrabCastDot_body_entered"]
[connection signal="body_exited" from="FPSCamera/GrabCastDot" to="." method="_on_GrabCastDot_body_exited"]
