[gd_scene load_steps=17 format=2]

[ext_resource path="res://scenes/characters/character.tscn" type="PackedScene" id=1]
[ext_resource path="res://core/ai/check_nodes/bt_gun_cooldown.gd" type="Script" id=2]
[ext_resource path="res://core/ai/action_nodes/bt_shoot.gd" type="Script" id=3]
[ext_resource path="res://scenes/characters/body.gd" type="Script" id=4]
[ext_resource path="res://scenes/sensors/direct_player_sight/direct_player_sight.tscn" type="PackedScene" id=5]
[ext_resource path="res://core/ai/behavior_tree.gd" type="Script" id=6]
[ext_resource path="res://core/ai/action_nodes/bt_select_random_target.gd" type="Script" id=7]
[ext_resource path="res://core/ai/flow_nodes/bt_selector.gd" type="Script" id=8]
[ext_resource path="res://core/ai/flow_nodes/bt_sequence.gd" type="Script" id=9]
[ext_resource path="res://core/ai/action_nodes/bt_wait_random.gd" type="Script" id=10]
[ext_resource path="res://core/ai/check_nodes/bt_player_sensor.gd" type="Script" id=11]
[ext_resource path="res://core/ai/action_nodes/bt_go_to_target.gd" type="Script" id=12]
[ext_resource path="res://core/ai/check_nodes/bt_approach_distance.gd" type="Script" id=13]
[ext_resource path="res://core/ai/action_nodes/bt_look_at_target.gd" type="Script" id=14]
[ext_resource path="res://resources/models/characters/cultists/cultist_neophyte/CultistNeophyteNoCape.glb" type="PackedScene" id=15]

[sub_resource type="CapsuleShape" id=1]
radius = 0.3
height = 1.2

[node name="Cultist" instance=ExtResource( 1 )]
max_health = 50
move_speed = 3.0
acceleration = 6.0
mass = 8.0

[node name="PickupArea@CollisionShape" type="CollisionShape" parent="." index="0"]
transform = Transform( 1, 0, 0, 0, -4.37114e-08, -1, 0, 1, -4.37114e-08, 0, 0.9, 0 )
visible = false
shape = SubResource( 1 )

[node name="MainHandEquipmentRoot" parent="." index="2"]
transform = Transform( 1, 0, 0, 0, 0.866025, 0.5, 0, -0.5, 0.866025, 0.2, 1.2, -0.3 )

[node name="AnimationPlayer" parent="." index="4"]
root_node = NodePath("../CultistNeophyteNoCape")

[node name="BehaviorTree" type="Node" parent="." index="5"]
script = ExtResource( 6 )
bt_root = NodePath("BT_Selector")

[node name="BT_Selector" type="Node" parent="BehaviorTree" index="0"]
script = ExtResource( 8 )

[node name="BT_Sequence2" type="Node" parent="BehaviorTree/BT_Selector" index="0"]
script = ExtResource( 9 )

[node name="BT_Player_Sensor" type="Node" parent="BehaviorTree/BT_Selector/BT_Sequence2" index="0"]
script = ExtResource( 11 )
sensor = NodePath("../../../../Body/DirectPlayerSight")

[node name="BT_Sequence" type="Node" parent="BehaviorTree/BT_Selector/BT_Sequence2" index="1"]
script = ExtResource( 9 )

[node name="BT_Selector" type="Node" parent="BehaviorTree/BT_Selector/BT_Sequence2/BT_Sequence" index="0"]
script = ExtResource( 8 )

[node name="BT_Approach_Random_Distance" type="Node" parent="BehaviorTree/BT_Selector/BT_Sequence2/BT_Sequence/BT_Selector" index="0"]
script = ExtResource( 13 )

[node name="BT_Go_To_Target" type="Node" parent="BehaviorTree/BT_Selector/BT_Sequence2/BT_Sequence/BT_Selector" index="1"]
script = ExtResource( 12 )

[node name="BT_Look_At_Target" type="Node" parent="BehaviorTree/BT_Selector/BT_Sequence2/BT_Sequence" index="1"]
script = ExtResource( 14 )

[node name="BT_Wait_Random" type="Node" parent="BehaviorTree/BT_Selector/BT_Sequence2/BT_Sequence" index="2"]
script = ExtResource( 10 )

[node name="BT_Gun_Cooldown" type="Node" parent="BehaviorTree/BT_Selector/BT_Sequence2/BT_Sequence" index="3"]
script = ExtResource( 2 )

[node name="BT_Shoot" type="Node" parent="BehaviorTree/BT_Selector/BT_Sequence2/BT_Sequence" index="4"]
script = ExtResource( 3 )

[node name="BT_Sequence" type="Node" parent="BehaviorTree/BT_Selector" index="1"]
script = ExtResource( 9 )

[node name="BT_Go_To_Target" type="Node" parent="BehaviorTree/BT_Selector/BT_Sequence" index="0"]
script = ExtResource( 12 )

[node name="BT_Wait_Random" type="Node" parent="BehaviorTree/BT_Selector/BT_Sequence" index="1"]
script = ExtResource( 10 )

[node name="BT_Select_Random_Target" type="Node" parent="BehaviorTree/BT_Selector/BT_Sequence" index="2"]
script = ExtResource( 7 )

[node name="Body" parent="." index="6"]
script = ExtResource( 4 )

[node name="DirectPlayerSight" parent="Body" index="2" instance=ExtResource( 5 )]
transform = Transform( 1, 0, 0, 0, 1, 0, 0, 0, 1, 0, 1.6969, 0 )
character = NodePath("../..")
FOV = 120.0

[node name="Physical Bone DEF-spine" parent="Body/Skeleton" index="0"]
transform = Transform( 1, -7.81597e-14, -1.06581e-14, -4.29466e-16, -0.24964, -0.968339, 5.68434e-14, 0.968339, -0.24964, 0.00569725, 0.97055, -0.0324214 )
joint_offset = Transform( 1, 0, 0, 0, 1, 0, 0, 0, 1, 7.2683e-16, 1.79627e-06, 0.0681816 )
body_offset = Transform( 1, -7.81597e-14, -1.06581e-14, 1.42109e-14, -1.19209e-07, -1, 5.68434e-14, 1, -1.19209e-07, 0, 0.0681816, -1.78814e-06 )

[node name="Physical Bone DEF-spine001" parent="Body/Skeleton" index="1"]
transform = Transform( 1, 1.13687e-13, -4.08562e-14, -2.56631e-15, -0.122954, -0.992412, 7.10543e-14, 0.992412, -0.122954, 0.00569723, 1.09727, -0.00788224 )
joint_offset = Transform( 1, 0, 0, 0, 1, 0, 0, 0, 1, 1.72295e-08, 3.67971e-07, 0.0611892 )
body_offset = Transform( 1, 1.13687e-13, -3.9968e-14, 6.21725e-15, 7.45058e-08, -0.999999, 7.10543e-14, 0.999999, 7.45058e-08, -1.72295e-08, 0.0611892, -3.72529e-07 )

[node name="Physical Bone DEF-spine002" parent="Body/Skeleton" index="2"]
transform = Transform( 1, -7.81597e-14, -2.22045e-15, -1.93151e-16, 0.0318129, -0.999495, 4.9738e-14, 0.999495, 0.0318129, 0.00569727, 1.23537, -0.00282118 )
joint_offset = Transform( 1, 0, 0, 0, 1, 0, 0, 0, 1, -1.49012e-08, 3.96588e-07, 0.077407 )
body_offset = Transform( 1, -7.81597e-14, -2.22045e-15, -1.77636e-15, 2.6077e-08, -1, 4.9738e-14, 1, 2.6077e-08, 1.49012e-08, 0.077407, -3.98606e-07 )

[node name="Physical Bone DEF-spine003" parent="Body/Skeleton" index="3"]
transform = Transform( 1, -4.9738e-14, 4.44089e-15, -6.36686e-15, 0.0285608, -0.999594, 5.68434e-14, 0.999594, 0.0285608, 0.00569725, 1.39898, -0.00774795 )
joint_offset = Transform( 1, 0, 0, 0, 1, 0, 0, 0, 1, -3.63871e-16, 1.55563e-07, 0.0862508 )
body_offset = Transform( 1, -4.9738e-14, 4.21885e-15, -7.99361e-15, 0, -1, 5.68434e-14, 1, -1.11759e-08, 0, 0.0862508, -1.546e-07 )

[node name="Physical Bone DEF-spine004" parent="Body/Skeleton" index="4"]
transform = Transform( 1, 3.95772e-12, -4.02326e-06, -3.73969e-06, -0.368784, -0.929517, -1.48371e-06, 0.929517, -0.368784, 0.00569725, 1.51273, 0.000717952 )
joint_offset = Transform( 1, 0, 0, 0, 1, 0, 0, 0, 1, 1.18748e-07, -1.27642e-06, 0.0296311 )
body_offset = Transform( 1, 3.95772e-12, -4.02326e-06, -4.02326e-06, 8.34465e-07, -1, 9.09495e-13, 1, 8.34465e-07, 4.65661e-10, 0.0296311, 1.2517e-06 )

[node name="Physical Bone DEF-spine005" parent="Body/Skeleton" index="5"]
transform = Transform( 1, 4.74743e-07, 1.92378e-06, 1.97346e-06, -0.151267, -0.988494, -1.78277e-07, 0.988494, -0.151267, 0.00569742, 1.57453, 0.0168854 )
joint_offset = Transform( 1, 0, 0, 0, 1, 0, 0, 0, 1, 1.77675e-09, 7.46167e-07, 0.0346586 )
body_offset = Transform( 1, 5.68434e-13, 1.92378e-06, 1.92378e-06, -4.61936e-07, -1, -1.47793e-12, 1, -4.61936e-07, -6.84522e-08, 0.0346586, -7.30157e-07 )

[node name="Physical Bone DEF-shoulderL" parent="Body/Skeleton" index="6"]
transform = Transform( 0.473864, -0.0863697, -0.876358, 0.356962, 0.928593, 0.1015, 0.805009, -0.360923, 0.470857, 0.101354, 1.42847, 0.0186744 )
joint_offset = Transform( 1, 0, 0, 0, 1, 0, 0, 0, 1, -9.40403e-06, -2.44975e-05, 0.0904469 )
body_offset = Transform( 0.934096, -0.354941, -0.0385775, 8.9407e-08, 0.108051, -0.994151, 0.35703, 0.928627, 0.10093, 0.0034893, 0.0899205, -0.0091027 )

[node name="Physical Bone DEF-upper_armL" parent="Body/Skeleton" index="7"]
transform = Transform( -0.0339849, -0.0421099, -0.998535, -0.944829, -0.324339, 0.0458353, -0.325795, 0.945004, -0.0287646, 0.25186, 1.41598, -0.0218631 )
joint_offset = Transform( 1, 0, 0, 0, 1, 0, 0, 0, 1, -9.60368e-06, -1.75638e-06, 0.0713459 )
body_offset = Transform( 0.999998, -2.38419e-07, -7.32951e-07, -8.11182e-07, -4.28408e-07, -1, -5.96046e-07, 1, -4.45172e-07, 9.65595e-06, 0.0713459, 1.78814e-06 )

[node name="Physical Bone DEF-upper_armL001" parent="Body/Skeleton" index="8"]
transform = Transform( -0.0344296, -0.0417462, -0.998532, -0.948217, -0.314289, 0.0458348, -0.315742, 0.948408, -0.0287643, 0.394341, 1.40947, -0.0177559 )
joint_offset = Transform( 1, 0, 0, 0, 1, 0, 0, 0, 1, 1.64212e-05, 4.01854e-06, 0.0713456 )
body_offset = Transform( 0.999997, -1.19209e-07, 4.16301e-07, 4.47035e-07, 1.71363e-07, -0.999998, -2.98023e-07, 0.999998, 6.70552e-08, -1.64509e-05, 0.0713454, -4.02331e-06 )

[node name="Physical Bone DEF-forearmL" parent="Body/Skeleton" index="9"]
transform = Transform( -0.0348728, -0.0630529, -0.9974, -0.951505, -0.303137, 0.0524317, -0.305655, 0.95086, -0.0494244, 0.533397, 1.40262, -0.0123453 )
joint_offset = Transform( 1, 0, 0, 0, 1, 0, 0, 0, 1, -1.984e-06, 1.25709e-07, 0.0679927 )
body_offset = Transform( 1, 8.9407e-08, -6.25849e-07, -7.32951e-07, 3.72529e-07, -1, 2.98023e-07, 1, 3.42727e-07, 2.02656e-06, 0.0679927, -1.49012e-07 )

[node name="Physical Bone DEF-forearmL001" parent="Body/Skeleton" index="10"]
transform = Transform( -0.0342762, -0.0633795, -0.997398, -0.948604, -0.312097, 0.0524314, -0.314607, 0.947936, -0.0494247, 0.669035, 1.39548, -0.00562705 )
joint_offset = Transform( 1, 0, 0, 0, 1, 0, 0, 0, 1, -1.07064e-05, 4.19515e-07, 0.0679976 )
body_offset = Transform( 1, 1.01328e-06, -3.3062e-07, -2.34693e-07, -1.78814e-07, -0.999998, 2.68221e-07, 1, -3.35276e-08, 1.07288e-05, 0.0679974, -4.17233e-07 )

[node name="Physical Bone DEF-handL" parent="Body/Skeleton" index="11"]
transform = Transform( -0.197002, 0.287713, -0.937236, 0.977502, -0.0158735, -0.210338, -0.075394, -0.957586, -0.278113, 0.784725, 1.40266, 0.0119466 )
joint_offset = Transform( 1, 0, 0, 0, 1, 0, 0, 0, 1, 3.94788e-06, 2.41958e-06, 0.0510831 )
body_offset = Transform( -0.911477, 0.372301, 0.17494, -6.14673e-08, 0.425279, -0.905063, -0.411354, -0.824942, -0.387631, -0.00893378, 0.0462324, 0.019805 )

[node name="Physical Bone DEF-shoulderR" parent="Body/Skeleton" index="12"]
transform = Transform( 0.473861, 0.0863736, 0.876356, -0.356969, 0.92859, 0.101499, -0.805005, -0.360927, 0.470855, -0.0899597, 1.42847, 0.0186744 )
joint_offset = Transform( 1, 0, 0, 0, 1, 0, 0, 0, 1, 9.32114e-06, -2.44584e-05, 0.0904471 )
body_offset = Transform( 0.934091, 0.354947, 0.0385782, 7.45058e-07, 0.10805, -0.994148, -0.357037, 0.928624, 0.100929, -0.00348931, 0.0899205, -0.0091027 )

[node name="Physical Bone DEF-upper_armR" parent="Body/Skeleton" index="13"]
transform = Transform( -0.0339866, 0.0421073, 0.998535, 0.944831, -0.32434, 0.045836, 0.325795, 0.945003, -0.028762, -0.240467, 1.41602, -0.0218573 )
joint_offset = Transform( 1, 0, 0, 0, 1, 0, 0, 0, 1, -2.28268e-05, 2.59998e-06, 0.0713449 )
body_offset = Transform( 1, 0, 8.10251e-07, 1.03563e-06, -4.28408e-08, -1, 0, 0.999999, -1.00583e-07, 2.2769e-05, 0.0713449, -2.5928e-06 )

[node name="Physical Bone DEF-upper_armR001" parent="Body/Skeleton" index="14"]
transform = Transform( -0.0344326, 0.0417442, 0.998535, 0.948222, -0.314291, 0.045837, 0.315743, 0.94841, -0.0287617, -0.382947, 1.40948, -0.0177523 )
joint_offset = Transform( 1, 0, 0, 0, 1, 0, 0, 0, 1, -3.2258e-05, 4.39865e-06, 0.0713438 )
body_offset = Transform( 1, -8.34465e-07, 1.00303e-06, 1.0049e-06, 1.76951e-07, -1, 5.96046e-08, 1, 1.69501e-07, 3.21865e-05, 0.0713438, -4.41074e-06 )

[node name="Physical Bone DEF-forearmR" parent="Body/Skeleton" index="15"]
transform = Transform( -0.0348716, 0.0630543, 0.997398, 0.951506, -0.303136, 0.0524312, 0.305655, 0.950861, -0.0494263, -0.522005, 1.40262, -0.0123425 )
joint_offset = Transform( 1, 0, 0, 0, 1, 0, 0, 0, 1, -3.16905e-07, -3.11236e-06, 0.0679942 )
body_offset = Transform( 1, 1.46031e-06, -5.9884e-07, -7.68341e-07, 2.27243e-07, -0.999998, -3.57628e-07, 1, 1.8999e-07, 3.57628e-07, 0.0679941, 3.09944e-06 )

[node name="Physical Bone DEF-forearmR001" parent="Body/Skeleton" index="16"]
transform = Transform( -0.0342763, 0.0633808, 0.9974, 0.948605, -0.312095, 0.0524321, 0.314606, 0.947936, -0.0494267, -0.657638, 1.39548, -0.00562813 )
joint_offset = Transform( 1, 0, 0, 0, 1, 0, 0, 0, 1, 1.0965e-05, 5.18798e-07, 0.0679943 )
body_offset = Transform( 1, -5.96046e-07, 3.25963e-08, 4.47035e-08, -8.9407e-08, -1, -2.98023e-08, 1, -1.78814e-07, -1.09673e-05, 0.0679943, -5.06639e-07 )

[node name="Physical Bone DEF-handR" parent="Body/Skeleton" index="17"]
transform = Transform( -0.197001, -0.287711, 0.937238, -0.977502, -0.0158698, -0.210337, 0.0753906, -0.957588, -0.278113, -0.773331, 1.40268, 0.0119421 )
joint_offset = Transform( 1, 0, 0, 0, 1, 0, 0, 0, 1, 1.22162e-05, -8.028e-07, 0.0510847 )
body_offset = Transform( -0.911478, -0.372297, -0.174938, -7.01286e-07, 0.425278, -0.905064, 0.411349, -0.824946, -0.387632, 0.00894749, 0.0462353, 0.0197964 )

[node name="Physical Bone DEF-pelvisL" parent="Body/Skeleton" index="18"]
transform = Transform( 0.0103968, -0.609805, -0.792482, -0.578527, 0.64275, -0.502175, 0.815598, 0.463693, -0.346104, 0.0495828, 0.932358, -0.0302716 )
joint_offset = Transform( 1, 0, 0, 0, 1, 0, 0, 0, 1, 1.04271e-05, -1.52104e-05, 0.0553892 )
body_offset = Transform( 0.859965, 0.479616, 0.17444, -1.49012e-07, 0.341802, -0.93977, -0.510354, 0.808171, 0.293937, -0.00966376, 0.0520583, -0.0162633 )

[node name="Physical Bone DEF-thighL" parent="Body/Skeleton" index="19"]
transform = Transform( 0.891998, -0.443382, -0.0880436, 0.0445856, -0.107527, 0.9932, -0.449835, -0.88986, -0.0761445, 0.104088, 0.840394, -0.00192334 )
joint_offset = Transform( 1, 0, 0, 0, 1, 0, 0, 0, 1, 1.27645e-07, 2.07427e-06, 0.120574 )
body_offset = Transform( 1, -6.85453e-07, -9.35048e-07, -7.63685e-07, 7.07805e-07, -0.999998, 5.96046e-08, 1, 4.69387e-07, -1.49012e-08, 0.120574, -2.13087e-06 )

[node name="Physical Bone DEF-thighL001" parent="Body/Skeleton" index="20"]
transform = Transform( 0.891997, -0.443382, -0.0880431, 0.0445854, -0.107527, 0.993202, -0.449834, -0.88986, -0.0761443, 0.125317, 0.600905, 0.0164351 )
joint_offset = Transform( 1, 0, 0, 0, 1, 0, 0, 0, 1, 2.11601e-07, -3.13613e-07, 0.120563 )
body_offset = Transform( 0.999999, -8.64267e-07, -2.71946e-07, -4.58211e-07, -2.01166e-07, -1, 1.49012e-07, 1, -3.65078e-07, -1.78814e-07, 0.120563, 3.57628e-07 )

[node name="Physical Bone DEF-shinL" parent="Body/Skeleton" index="21"]
transform = Transform( 0.891999, -0.452036, 6.3934e-07, 0.0445862, 0.087981, 0.995122, -0.449833, -0.887648, 0.0986346, 0.135934, 0.379944, 0.0155834 )
joint_offset = Transform( 1, 0, 0, 0, 1, 0, 0, 0, 1, -1.48177e-06, -1.26761e-06, 0.101701 )
body_offset = Transform( 1, -2.38419e-07, -1.40071e-06, -1.32248e-06, 3.35276e-07, -0.999998, -1.19209e-07, 0.999998, 1.56462e-07, 1.62423e-06, 0.101701, 1.2517e-06 )

[node name="Physical Bone DEF-shinL001" parent="Body/Skeleton" index="22"]
transform = Transform( 0.892, -0.452036, 2.21398e-06, 0.0445848, 0.0879817, 0.995124, -0.449833, -0.887651, 0.0986345, 0.135931, 0.177536, -0.0044792 )
joint_offset = Transform( 1, 0, 0, 0, 1, 0, 0, 0, 1, 5.98829e-07, -2.72192e-06, 0.10169 )
body_offset = Transform( 1, 1.51992e-06, 1.19209e-07, 1.86265e-08, -8.19564e-08, -1, -1.19209e-07, 1, -3.05474e-07, -6.10948e-07, 0.10169, 2.75299e-06 )

[node name="Physical Bone DEF-footL" parent="Body/Skeleton" index="23"]
transform = Transform( 0.999999, -0.00117087, -2.8481e-06, -0.000990305, -0.847999, 0.529996, -0.000622906, -0.529997, -0.847999, 0.135932, 0.045639, 0.034569 )
joint_offset = Transform( 1, 0, 0, 0, 1, 0, 0, 0, 1, 1.99517e-07, 2.37742e-06, 0.0578751 )
body_offset = Transform( 1, 3.89991e-09, -1.38761e-06, -1.38336e-06, 4.47035e-07, -1, -5.50062e-09, 1, 1.49012e-07, -1.19209e-07, 0.0578751, -2.38605e-06 )

[node name="Physical Bone DEF-pelvisR" parent="Body/Skeleton" index="24"]
transform = Transform( 0.0103912, 0.609802, 0.792485, 0.578523, 0.642756, -0.502174, -0.8156, 0.463691, -0.346106, -0.0381909, 0.932343, -0.0302743 )
joint_offset = Transform( 1, 0, 0, 0, 1, 0, 0, 0, 1, -3.91062e-06, -2.66731e-06, 0.0553825 )
body_offset = Transform( 0.859968, -0.479611, -0.174439, 2.08616e-07, 0.341806, -0.939771, 0.510348, 0.808173, 0.29394, 0.00966296, 0.0520478, -0.016275 )

[node name="Physical Bone DEF-thighR" parent="Body/Skeleton" index="25"]
transform = Transform( 0.891999, 0.443381, 0.0880432, -0.044586, -0.107526, 0.993201, 0.449835, -0.889861, -0.0761444, -0.0926911, 0.84041, -0.00192586 )
joint_offset = Transform( 1, 0, 0, 0, 1, 0, 0, 0, 1, -9.04342e-07, 2.55645e-07, 0.120557 )
body_offset = Transform( 1, 7.15256e-07, 5.17815e-07, 4.73112e-07, -2.23517e-08, -0.999999, -5.36442e-07, 1, 1.04308e-07, 8.41916e-07, 0.120557, -2.68221e-07 )

[node name="Physical Bone DEF-thighR001" parent="Body/Skeleton" index="26"]
transform = Transform( 0.891999, 0.443381, 0.0880431, -0.044586, -0.107526, 0.993202, 0.449835, -0.889861, -0.0761442, -0.113923, 0.600905, 0.0164353 )
joint_offset = Transform( 1, 0, 0, 0, 1, 0, 0, 0, 1, -2.00766e-07, -1.12552e-07, 0.120562 )
body_offset = Transform( 1, 2.68221e-07, 6.14673e-07, 6.44475e-07, 1.2666e-07, -1, -1.49012e-07, 1, -1.78814e-07, 1.2666e-07, 0.120562, 1.3411e-07 )

[node name="Physical Bone DEF-shinR" parent="Body/Skeleton" index="27"]
transform = Transform( 0.891999, 0.452037, 1.06489e-07, -0.0445865, 0.0879799, 0.995125, 0.449834, -0.88765, 0.0986328, -0.124539, 0.379943, 0.0155858 )
joint_offset = Transform( 1, 0, 0, 0, 1, 0, 0, 0, 1, -1.89883e-09, 2.69481e-07, 0.1017 )
body_offset = Transform( 1, 0, 8.97795e-07, 8.3819e-07, 7.6741e-07, -1, -5.96046e-08, 1, 5.73695e-07, -8.9407e-08, 0.1017, -3.27826e-07 )

[node name="Physical Bone DEF-shinR001" parent="Body/Skeleton" index="28"]
transform = Transform( 0.891999, 0.452037, -4.74456e-07, -0.0445862, 0.0879807, 0.995124, 0.449833, -0.88765, 0.0986332, -0.124539, 0.177521, -0.00447879 )
joint_offset = Transform( 1, 0, 0, 0, 1, 0, 0, 0, 1, 3.52694e-07, -1.02161e-06, 0.101703 )
body_offset = Transform( 1, 2.98023e-08, 1.14739e-06, 1.16229e-06, 2.16067e-07, -1, -1.19209e-07, 1, 8.19564e-08, -4.69387e-07, 0.101703, 1.01328e-06 )

[node name="Physical Bone DEF-footR" parent="Body/Skeleton" index="29"]
transform = Transform( 1, 0.00117042, 3.42855e-07, 0.000991537, -0.848, 0.529996, 0.0006215, -0.529996, -0.848001, -0.124539, 0.0456237, 0.0345764 )
joint_offset = Transform( 1, 0, 0, 0, 1, 0, 0, 0, 1, -1.8478e-07, -5.96019e-06, 0.0578879 )
body_offset = Transform( 1, -1.68802e-09, -2.83064e-07, -2.8091e-07, 8.9407e-08, -1, -2.82307e-09, 1, 5.96046e-08, 2.01166e-07, 0.0578879, 5.95674e-06 )

[node name="Hitbox" parent="." index="7" groups=["CHARACTER"]]
collision_layer = 8

[node name="CollisionShape" parent="Hitbox" index="0"]
visible = false

[node name="AnimationTree" parent="." index="18"]
active = false

[node name="CultistNeophyteNoCape" parent="." index="19" instance=ExtResource( 15 )]
transform = Transform( -1, 0, -8.74228e-08, 0, 1, 0, 8.74228e-08, 0, -1, 0, 0, 0 )
