[gd_scene load_steps=15 format=2]

[ext_resource path="res://scenes/characters/character.tscn" type="PackedScene" id=1]
[ext_resource path="res://core/ai/weapon_nodes/check_nodes/bt_gun_cooldown.gd" type="Script" id=2]
[ext_resource path="res://core/ai/weapon_nodes/action_nodes/bt_gun_shoot.gd" type="Script" id=3]
[ext_resource path="res://scenes/characters/body.gd" type="Script" id=4]
[ext_resource path="res://scenes/sensors/direct_player_sight/direct_player_sight.tscn" type="PackedScene" id=5]
[ext_resource path="res://core/ai/behavior_tree.gd" type="Script" id=6]
[ext_resource path="res://core/ai/misc_nodes/action_nodes/bt_select_random_target.gd" type="Script" id=7]
[ext_resource path="res://core/ai/flow_nodes/bt_selector.gd" type="Script" id=8]
[ext_resource path="res://core/ai/flow_nodes/bt_sequence.gd" type="Script" id=9]
[ext_resource path="res://core/ai/misc_nodes/action_nodes/bt_wait_random.gd" type="Script" id=10]
[ext_resource path="res://core/ai/check_nodes/bt_player_sensor.gd" type="Script" id=11]
[ext_resource path="res://core/ai/misc_nodes/action_nodes/bt_go_to_target.gd" type="Script" id=12]
[ext_resource path="res://core/ai/misc_nodes/check_nodes/bt_approach_distance.gd" type="Script" id=13]
[ext_resource path="res://core/ai/misc_nodes/action_nodes/bt_look_at_target.gd" type="Script" id=14]

[node name="Renevant" instance=ExtResource( 1 )]
max_health = 50
move_speed = 3.0
acceleration = 6.0
mass = 8.0

[node name="MainHandEquipmentRoot" parent="." index="3"]
transform = Transform( 1, 0, 0, 0, 0.866025, 0.5, 0, -0.5, 0.866025, 0.2, 1.2, -0.3 )

[node name="BehaviorTree" type="Node" parent="." index="5"]
script = ExtResource( 6 )
bt_root = NodePath("BT_Selector")

[node name="BT_Selector" type="Node" parent="BehaviorTree" index="0"]
script = ExtResource( 8 )

[node name="BT_Sequence2" type="Node" parent="BehaviorTree/BT_Selector" index="0"]
script = ExtResource( 9 )

[node name="BT_Player_Sensor" type="Node" parent="BehaviorTree/BT_Selector/BT_Sequence2" index="0"]
script = ExtResource( 11 )
sensor = NodePath("../../../../Body/DirectPlayerSight")

[node name="BT_Sequence" type="Node" parent="BehaviorTree/BT_Selector/BT_Sequence2" index="1"]
script = ExtResource( 9 )

[node name="BT_Selector" type="Node" parent="BehaviorTree/BT_Selector/BT_Sequence2/BT_Sequence" index="0"]
script = ExtResource( 8 )

[node name="BT_Approach_Random_Distance" type="Node" parent="BehaviorTree/BT_Selector/BT_Sequence2/BT_Sequence/BT_Selector" index="0"]
script = ExtResource( 13 )

[node name="BT_Go_To_Target" type="Node" parent="BehaviorTree/BT_Selector/BT_Sequence2/BT_Sequence/BT_Selector" index="1"]
script = ExtResource( 12 )

[node name="BT_Look_At_Target" type="Node" parent="BehaviorTree/BT_Selector/BT_Sequence2/BT_Sequence" index="1"]
script = ExtResource( 14 )

[node name="BT_Wait_Random" type="Node" parent="BehaviorTree/BT_Selector/BT_Sequence2/BT_Sequence" index="2"]
script = ExtResource( 10 )

[node name="BT_Gun_Cooldown" type="Node" parent="BehaviorTree/BT_Selector/BT_Sequence2/BT_Sequence" index="3"]
script = ExtResource( 2 )

[node name="BT_Shoot" type="Node" parent="BehaviorTree/BT_Selector/BT_Sequence2/BT_Sequence" index="4"]
script = ExtResource( 3 )

[node name="BT_Sequence" type="Node" parent="BehaviorTree/BT_Selector" index="1"]
script = ExtResource( 9 )

[node name="BT_Go_To_Target" type="Node" parent="BehaviorTree/BT_Selector/BT_Sequence" index="0"]
script = ExtResource( 12 )

[node name="BT_Wait_Random" type="Node" parent="BehaviorTree/BT_Selector/BT_Sequence" index="1"]
script = ExtResource( 10 )

[node name="BT_Select_Random_Target" type="Node" parent="BehaviorTree/BT_Selector/BT_Sequence" index="2"]
script = ExtResource( 7 )

[node name="Body" parent="." index="6"]
script = ExtResource( 4 )

[node name="DirectPlayerSight" parent="Body" index="2" instance=ExtResource( 5 )]
transform = Transform( 1, 0, 0, 0, 1, 0, 0, 0, 1, 0, 1.43869, 0 )
character = NodePath("../..")

[node name="Skeleton" type="Skeleton" parent="Body" index="4"]
transform = Transform( -1, 0, -8.74228e-08, 0, 1, 0, 8.74228e-08, 0, -1, 0, 0, 0 )
bones/0/name = "root"
bones/0/parent = -1
bones/0/rest = Transform( 1, 0, 0, 0, 0, 1, 0, -1, 0, 0, 0, 0 )
bones/0/enabled = true
bones/0/bound_children = [  ]
bones/1/name = "DEF-spine"
bones/1/parent = 0
bones/1/rest = Transform( 1, -7.10543e-15, 2.38419e-07, 2.2526e-07, -0.327618, -0.94481, 7.81104e-08, 0.94481, -0.327619, 0, 0.0798666, 0.93693 )
bones/1/enabled = true
bones/1/bound_children = [  ]
bones/2/name = "DEF-spine.001"
bones/2/parent = 1
bones/2/rest = Transform( 1, 4.37241e-08, -2.34375e-07, -1.24345e-14, 0.98304, 0.183392, 2.38419e-07, -0.183392, 0.98304, 1.07312e-15, 0.0989714, -2.98023e-08 )
bones/2/enabled = true
bones/2/bound_children = [  ]
bones/3/name = "DEF-spine.002"
bones/3/parent = 2
bones/3/rest = Transform( 1, 7.10543e-15, 2.38418e-07, -4.35936e-08, 0.983142, 0.182845, -2.34399e-07, -0.182845, 0.983142, -2.11758e-22, 0.0962713, -1.11759e-08 )
bones/3/enabled = true
bones/3/bound_children = [  ]
bones/4/name = "DEF-spine.003"
bones/4/parent = 3
bones/4/rest = Transform( 1, -3.97858e-10, 3.40483e-13, 3.97858e-10, 0.999999, -0.00166874, 3.23441e-13, 0.00166874, 0.999999, -1.33844e-16, 0.140267, 0 )
bones/4/enabled = true
bones/4/bound_children = [  ]
bones/5/name = "DEF-spine.004"
bones/5/parent = 4
bones/5/rest = Transform( 0.99735, -0.070915, -0.0162432, 0.0660596, 0.976286, -0.206161, 0.0304779, 0.204541, 0.978383, 1.587e-15, 0.147386, 4.65661e-10 )
bones/5/enabled = true
bones/5/bound_children = [  ]
bones/6/name = "DEF-spine.005"
bones/6/parent = 5
bones/6/rest = Transform( 0.992329, 0.122864, -0.0137181, -0.121798, 0.952591, -0.278812, -0.021188, 0.278344, 0.960248, 5.3551e-09, 0.0400804, 4.46744e-08 )
bones/6/enabled = true
bones/6/bound_children = [  ]
bones/7/name = "DEF-spine.006"
bones/7/parent = 6
bones/7/rest = Transform( 0.998681, -0.049468, -0.0137808, 0.0504639, 0.895732, 0.441722, -0.00950719, -0.441834, 0.897047, -1.38335e-09, 0.0563237, -2.51523e-08 )
bones/7/enabled = true
bones/7/bound_children = [  ]
bones/8/name = "VIS_upper_arm_ik_pole.L"
bones/8/parent = 0
bones/8/rest = Transform( -0.61637, 0, 0.787456, 0.787456, 0, 0.61637, 5.96046e-08, 1, 1.19209e-07, 0.353562, 0.0630659, 1.23339 )
bones/8/enabled = true
bones/8/bound_children = [  ]
bones/9/name = "VIS_upper_arm_ik_pole.R"
bones/9/parent = 0
bones/9/rest = Transform( -0.616371, 0, -0.787456, -0.787456, -1.19209e-07, 0.616371, 0, 1, -1.19209e-07, -0.353562, 0.0630659, 1.23339 )
bones/9/enabled = true
bones/9/bound_children = [  ]
bones/10/name = "VIS_thigh_ik_pole.L"
bones/10/parent = 0
bones/10/rest = Transform( 0.96807, 0, -0.250681, -0.250681, 0, -0.96807, 0, 1, 0, 0.105639, 0.048644, 0.560824 )
bones/10/enabled = true
bones/10/bound_children = [  ]
bones/11/name = "VIS_thigh_ik_pole.R"
bones/11/parent = 0
bones/11/rest = Transform( 0.96807, 0, 0.250681, 0.250681, 0, -0.96807, 0, 1, 0, -0.105639, 0.048644, 0.560824 )
bones/11/enabled = true
bones/11/bound_children = [  ]
bones/12/name = "MCH-torso.parent"
bones/12/parent = -1
bones/12/rest = Transform( 1, 0, 0, 0, 0, 1, 0, -1, 0, 0, 0.983684, -0.0636543 )
bones/12/enabled = true
bones/12/bound_children = [  ]
bones/13/name = "torso"
bones/13/parent = 12
bones/13/rest = Transform( 1, 0, 0, 0, 1, 0, 0, 0, 1, 0, 0, 0 )
bones/13/enabled = true
bones/13/bound_children = [  ]
bones/14/name = "hips"
bones/14/parent = 13
bones/14/rest = Transform( 1, 0, 0, 0, 1, 0, 0, 0, 1, 0, -0.0305367, 0.141954 )
bones/14/enabled = true
bones/14/bound_children = [  ]
bones/15/name = "chest"
bones/15/parent = 13
bones/15/rest = Transform( 1, 0, 0, 0, 1, 0, 0, 0, 1, 0, -0.0305367, 0.141954 )
bones/15/enabled = true
bones/15/bound_children = [  ]
bones/16/name = "MCH-spine.001"
bones/16/parent = 13
bones/16/rest = Transform( 1, 0, 0, 0, 1, 0, 0, 0, 1, 0, -0.0305367, 0.141954 )
bones/16/enabled = true
bones/16/bound_children = [  ]
bones/17/name = "spine_fk.001"
bones/17/parent = 16
bones/17/rest = Transform( 1, 1.69407e-21, 3.38397e-14, 3.3463e-14, -0.148791, -0.988869, 5.03505e-15, 0.988869, -0.148791, 0, 3.72529e-09, 0 )
bones/17/enabled = true
bones/17/bound_children = [  ]
bones/18/name = "MCH-spine"
bones/18/parent = 17
bones/18/rest = Transform( 1, 3.3463e-14, 5.03505e-15, -3.38813e-21, -0.148791, 0.988869, 3.38397e-14, -0.988869, -0.148791, 6.35275e-22, -0.0962711, -2.23517e-08 )
bones/18/enabled = true
bones/18/bound_children = [  ]
bones/19/name = "spine_fk"
bones/19/parent = 18
bones/19/rest = Transform( 1, 0, 2.38419e-07, 2.2526e-07, -0.327618, -0.94481, 7.81103e-08, 0.94481, -0.327618, 8.98201e-30, 1.911e-09, -4.24163e-09 )
bones/19/enabled = true
bones/19/bound_children = [  ]
bones/20/name = "tweak_spine"
bones/20/parent = 19
bones/20/rest = Transform( 1, 3.55271e-15, 3.19744e-14, -3.55271e-15, 1, -5.6798e-29, -3.19744e-14, -5.6798e-29, 1, 9.06673e-15, -0.0989715, -3.72529e-08 )
bones/20/enabled = true
bones/20/bound_children = [  ]
bones/21/name = "ORG-spine"
bones/21/parent = 20
bones/21/rest = Transform( 1, -5.4225e-14, 2.75335e-14, 5.4225e-14, 1, -1.49012e-07, -2.75335e-14, 1.49012e-07, 1, 4.18175e-15, 0, -7.45058e-09 )
bones/21/enabled = true
bones/21/bound_children = [  ]
bones/22/name = "ORG-pelvis.L"
bones/22/parent = 21
bones/22/rest = Transform( -0.161123, 0.743199, -0.649381, 0.327278, 0.660982, 0.675272, 0.93109, -0.103726, -0.349732, 2.02665e-09, -0.00294755, -0.00850037 )
bones/22/enabled = true
bones/22/bound_children = [  ]
bones/23/name = "DEF-pelvis.L"
bones/23/parent = 22
bones/23/rest = Transform( 1, 2.22353e-08, -3.89991e-08, -2.22353e-08, 1, 1.07102e-08, 3.89991e-08, -1.07102e-08, 1, 4.66161e-09, 8.30744e-08, -9.41e-08 )
bones/23/enabled = true
bones/23/bound_children = [  ]
bones/24/name = "ORG-pelvis.R"
bones/24/parent = 21
bones/24/rest = Transform( -0.161123, -0.743198, 0.649381, -0.327278, 0.660982, 0.675272, -0.93109, -0.103726, -0.349732, 2.02665e-09, -0.00294755, -0.00850037 )
bones/24/enabled = true
bones/24/bound_children = [  ]
bones/25/name = "DEF-pelvis.R"
bones/25/parent = 24
bones/25/rest = Transform( 1, 7.39237e-08, -1.52504e-08, -7.39237e-08, 1, -1.05239e-07, 1.52504e-08, 1.05239e-07, 1, -3.38385e-09, 2.82225e-08, -8.14981e-08 )
bones/25/enabled = true
bones/25/bound_children = [  ]
bones/26/name = "ORG-thigh.L"
bones/26/parent = 21
bones/26/rest = Transform( 0.96953, 0.0404842, -0.241604, -0.0608538, -0.915534, -0.397609, -0.237294, 0.400197, -0.885173, 0.091221, -0.0190637, 0.0101935 )
bones/26/enabled = true
bones/26/bound_children = [  ]
bones/27/name = "ORG-shin.L"
bones/27/parent = 26
bones/27/rest = Transform( 1, -6.45903e-09, -2.41948e-07, -2.74138e-08, 0.990188, -0.139738, 2.40477e-07, 0.139738, 0.990188, -1.67638e-08, 0.356137, 0 )
bones/27/enabled = true
bones/27/bound_children = [  ]
bones/28/name = "ORG-foot.L"
bones/28/parent = 27
bones/28/rest = Transform( 0.96771, -0.204283, 0.147669, 0.0059385, 0.604148, 0.79685, -0.251997, -0.770243, 0.585853, 3.95812e-09, 0.452995, -5.12227e-09 )
bones/28/enabled = true
bones/28/bound_children = [  ]
bones/29/name = "ORG-toe.L"
bones/29/parent = 28
bones/29/rest = Transform( -0.999973, 0.00733123, 0.000454798, 0.00561016, 0.802254, -0.596957, -0.00474129, -0.596939, -0.802273, 1.36664e-08, 0.13655, -3.37604e-09 )
bones/29/enabled = true
bones/29/bound_children = [  ]
bones/30/name = "ORG-heel.02.L"
bones/30/parent = 28
bones/30/rest = Transform( -3.67165e-05, 0.999973, -0.00734496, -0.649143, -0.00561094, -0.760646, -0.760666, 0.00474, 0.649126, -0.0344858, 0.0390211, 0.100706 )
bones/30/enabled = true
bones/30/bound_children = [  ]
bones/31/name = "MCH-foot_tweak.L"
bones/31/parent = 28
bones/31/rest = Transform( 1, 1.31844e-07, 1.16212e-07, -1.31844e-07, 1, -1.64298e-07, -1.16213e-07, 1.64298e-07, 1, 9.38235e-09, -2.08383e-08, -1.32131e-08 )
bones/31/enabled = true
bones/31/bound_children = [  ]
bones/32/name = "foot_tweak.L"
bones/32/parent = 31
bones/32/rest = Transform( 1, -4.16549e-09, -6.3665e-11, 4.16549e-09, 1, 1.64185e-07, 6.36643e-11, -1.64185e-07, 1, -7.12089e-09, 4.77303e-09, 6.92671e-09 )
bones/32/enabled = true
bones/32/bound_children = [  ]
bones/33/name = "MCH-shin_tweak.L"
bones/33/parent = 27
bones/33/rest = Transform( 1, -3.25963e-08, -2.468e-08, 3.25963e-08, 1, 5.23869e-10, 2.468e-08, -5.23869e-10, 1, 7.45058e-09, -4.41796e-08, 9.31323e-09 )
bones/33/enabled = true
bones/33/bound_children = [  ]
bones/34/name = "shin_tweak.L"
bones/34/parent = 33
bones/34/rest = Transform( 1, 3.41015e-18, -1.0652e-08, 3.41015e-18, 1, 6.40284e-10, 1.0652e-08, -6.40284e-10, 1, 5.58794e-09, 7.14208e-08, 0 )
bones/34/enabled = true
bones/34/bound_children = [  ]
bones/35/name = "MCH-shin_tweak.L.001"
bones/35/parent = 27
bones/35/rest = Transform( 0.992933, -3.38183e-08, 0.118675, 3.55652e-08, 1, -1.26025e-08, -0.118675, 1.67341e-08, 0.992933, 3.72529e-09, 0.226497, 1.11759e-08 )
bones/35/enabled = true
bones/35/bound_children = [  ]
bones/36/name = "shin_tweak.L.001"
bones/36/parent = 35
bones/36/rest = Transform( 0.992933, 4.31334e-09, -0.118675, -2.20592e-09, 1, 1.78892e-08, 0.118675, -1.7501e-08, 0.992933, 1.11759e-08, -3.70201e-08, -6.51926e-09 )
bones/36/enabled = true
bones/36/bound_children = [  ]
bones/37/name = "MCH-thigh_parent_widget.L"
bones/37/parent = 26
bones/37/rest = Transform( 1, -1.39698e-08, -3.52156e-08, 1.39698e-08, 1, -1.31782e-07, 3.52156e-08, 1.31782e-07, 1, -1.49012e-08, 1.62981e-08, 1.86265e-09 )
bones/37/enabled = true
bones/37/bound_children = [  ]
bones/38/name = "MCH-thigh_tweak.L.001"
bones/38/parent = 26
bones/38/rest = Transform( 1, -6.51926e-08, -1.72993e-07, 6.51926e-08, 1, -4.84288e-08, 1.72993e-07, 4.84288e-08, 1, -1.58325e-08, 0.178069, -3.72529e-09 )
bones/38/enabled = true
bones/38/bound_children = [  ]
bones/39/name = "thigh_tweak.L.001"
bones/39/parent = 38
bones/39/rest = Transform( 1, 9.68575e-08, 1.99245e-07, -9.68575e-08, 1, 8.14907e-08, -1.99245e-07, -8.14907e-08, 1, -2.04891e-08, -2.8871e-08, 1.86265e-09 )
bones/39/enabled = true
bones/39/bound_children = [  ]
bones/40/name = "ORG-thigh.R"
bones/40/parent = 21
bones/40/rest = Transform( 0.96953, -0.0404845, 0.241604, 0.0608538, -0.915534, -0.39761, 0.237294, 0.400197, -0.885173, -0.091221, -0.0190637, 0.0101935 )
bones/40/enabled = true
bones/40/bound_children = [  ]
bones/41/name = "ORG-shin.R"
bones/41/parent = 40
bones/41/rest = Transform( 1, 2.3734e-08, 2.54716e-07, 1.20924e-08, 0.990189, -0.139738, -2.55533e-07, 0.139738, 0.990189, 1.30385e-08, 0.356137, 1.86265e-09 )
bones/41/enabled = true
bones/41/bound_children = [  ]
bones/42/name = "ORG-foot.R"
bones/42/parent = 41
bones/42/rest = Transform( 0.96771, 0.204283, -0.147669, -0.00593849, 0.604148, 0.79685, 0.251997, -0.770243, 0.585853, -7.68341e-09, 0.452995, -2.79397e-09 )
bones/42/enabled = true
bones/42/bound_children = [  ]
bones/43/name = "ORG-toe.R"
bones/43/parent = 42
bones/43/rest = Transform( -0.999973, -0.0073312, -0.000454804, -0.00561014, 0.802253, -0.596957, 0.00474128, -0.596938, -0.802273, 1.93324e-09, 0.136549, -1.57161e-09 )
bones/43/enabled = true
bones/43/bound_children = [  ]
bones/44/name = "ORG-heel.02.R"
bones/44/parent = 42
bones/44/rest = Transform( 3.6478e-05, -0.999973, -0.00734469, -0.649144, -0.00561059, 0.760645, -0.760666, 0.00474, -0.649126, 0.0344858, 0.0390211, 0.100706 )
bones/44/enabled = true
bones/44/bound_children = [  ]
bones/45/name = "MCH-foot_tweak.R"
bones/45/parent = 42
bones/45/rest = Transform( 1, -1.09403e-07, -1.33107e-07, 1.09403e-07, 1, -4.32572e-07, 1.33107e-07, 4.32572e-07, 1, -3.54521e-09, -1.19326e-08, -1.42027e-08 )
bones/45/enabled = true
bones/45/bound_children = [  ]
bones/46/name = "foot_tweak.R"
bones/46/parent = 45
bones/46/rest = Transform( 1, -3.286e-09, 1.88265e-10, 3.286e-09, 1, 4.9195e-07, -1.88266e-10, -4.9195e-07, 1, -7.03858e-09, -1.10012e-08, 1.16997e-08 )
bones/46/enabled = true
bones/46/bound_children = [  ]
bones/47/name = "MCH-shin_tweak.R"
bones/47/parent = 41
bones/47/rest = Transform( 1, 1.62981e-08, 3.14903e-08, -1.62981e-08, 1, -6.23986e-08, -3.14903e-08, 6.23986e-08, 1, -1.02445e-08, -4.37722e-08, -5.58794e-09 )
bones/47/enabled = true
bones/47/bound_children = [  ]
bones/48/name = "shin_tweak.R"
bones/48/parent = 47
bones/48/rest = Transform( 1, 1.5134e-08, 1.76951e-08, -1.5134e-08, 1, 3.77768e-08, -1.76951e-08, -3.77768e-08, 1, -4.65661e-09, -1.03959e-07, 0 )
bones/48/enabled = true
bones/48/bound_children = [  ]
bones/49/name = "MCH-shin_tweak.R.001"
bones/49/parent = 41
bones/49/rest = Transform( 0.992933, 4.5355e-08, -0.118675, -4.1258e-08, 1, 3.69795e-08, 0.118675, -3.18219e-08, 0.992933, -5.58794e-09, 0.226497, -3.72529e-09 )
bones/49/enabled = true
bones/49/bound_children = [  ]
bones/50/name = "shin_tweak.R.001"
bones/50/parent = 49
bones/50/rest = Transform( 0.992933, -1.26566e-08, 0.118675, 2.3665e-08, 1, -9.13523e-08, -0.118675, 9.35152e-08, 0.992933, 1.39698e-09, -9.72068e-09, 1.86265e-09 )
bones/50/enabled = true
bones/50/bound_children = [  ]
bones/51/name = "MCH-thigh_parent_widget.R"
bones/51/parent = 40
bones/51/rest = Transform( 1, 6.42613e-08, 4.48781e-08, -6.42613e-08, 1, -6.14673e-08, -4.48781e-08, 6.14673e-08, 1, 7.45058e-09, -9.63919e-08, 7.45058e-09 )
bones/51/enabled = true
bones/51/bound_children = [  ]
bones/52/name = "MCH-thigh_tweak.R.001"
bones/52/parent = 40
bones/52/rest = Transform( 1, 8.47504e-08, 1.95345e-07, -8.47503e-08, 1, -5.9139e-08, -1.95345e-07, 5.9139e-08, 1, 1.49012e-08, 0.178069, 1.86265e-09 )
bones/52/enabled = true
bones/52/bound_children = [  ]
bones/53/name = "thigh_tweak.R.001"
bones/53/parent = 52
bones/53/rest = Transform( 1, -9.59262e-08, -2.07452e-07, 9.59262e-08, 1, 8.61473e-08, 2.07452e-07, -8.61473e-08, 1, 4.65661e-09, 3.53903e-08, -3.72529e-09 )
bones/53/enabled = true
bones/53/bound_children = [  ]
bones/54/name = "thigh_parent.L"
bones/54/parent = 21
bones/54/rest = Transform( 0.998222, 0.0404842, 0.0437469, 0.0545957, -0.915534, -0.398517, 0.0239181, 0.400198, -0.916116, 0.091221, -0.0190637, 0.0101935 )
bones/54/enabled = true
bones/54/bound_children = [  ]
bones/55/name = "MCH-thigh_parent.L"
bones/55/parent = 21
bones/55/rest = Transform( 1, 2.51046e-07, 7.81104e-08, 8.44794e-09, -0.327618, 0.94481, 2.62782e-07, -0.94481, -0.327618, 0.091221, -0.0190637, 0.0101935 )
bones/55/enabled = true
bones/55/bound_children = [  ]
bones/56/name = "thigh_fk.L"
bones/56/parent = 55
bones/56/rest = Transform( 0.96953, 0.0404843, -0.241605, 0.244135, -0.0781646, 0.966586, 0.0202467, -0.996118, -0.0856665, -1.97217e-09, -7.61431e-09, 2.27932e-09 )
bones/56/enabled = true
bones/56/bound_children = [  ]
bones/57/name = "shin_fk.L"
bones/57/parent = 56
bones/57/rest = Transform( 1, -7.20962e-09, -2.15982e-07, -2.30421e-08, 0.990188, -0.139738, 2.14871e-07, 0.139738, 0.990188, -1.39698e-08, 0.356137, 3.72529e-09 )
bones/57/enabled = true
bones/57/bound_children = [  ]
bones/58/name = "MCH-foot_fk.L"
bones/58/parent = 57
bones/58/rest = Transform( 0.96771, -0.204283, 0.14767, 0.00593845, 0.604148, 0.79685, -0.251997, -0.770242, 0.585853, -3.49246e-09, 0.452995, -2.79397e-09 )
bones/58/enabled = true
bones/58/bound_children = [  ]
bones/59/name = "foot_fk.L"
bones/59/parent = 58
bones/59/rest = Transform( 1, -7.64903e-08, -1.59656e-07, 7.64903e-08, 1, 1.19809e-07, 1.59656e-07, -1.19809e-07, 1, 6.3319e-09, 6.0536e-09, -4.07454e-10 )
bones/59/enabled = true
bones/59/bound_children = [  ]
bones/60/name = "MCH-toe_fk.L"
bones/60/parent = 59
bones/60/rest = Transform( -0.999973, 0.00733112, 0.000454589, 0.00561019, 0.802253, -0.596958, -0.00474106, -0.596939, -0.802272, 2.9155e-10, 0.136549, 4.13274e-09 )
bones/60/enabled = true
bones/60/bound_children = [  ]
bones/61/name = "toe_fk.L"
bones/61/parent = 60
bones/61/rest = Transform( 1, 2.32758e-10, -5.78637e-08, -2.32755e-10, 1, 6.70552e-08, 5.78637e-08, -6.70552e-08, 1, -1.71583e-09, -4.07565e-10, 2.64092e-09 )
bones/61/enabled = true
bones/61/bound_children = [  ]
bones/62/name = "MCH-thigh_ik_swing.L"
bones/62/parent = 55
bones/62/rest = Transform( 0.964462, 0.0214124, -0.263354, 0.263458, -0.00212157, 0.964669, 0.0200971, -0.999768, -0.00768745, -1.97217e-09, -7.61431e-09, 2.27932e-09 )
bones/62/enabled = true
bones/62/bound_children = [  ]
bones/63/name = "thigh_ik.L"
bones/63/parent = 62
bones/63/rest = Transform( 0.9998, -0.00156663, 0.0199148, 2.89292e-08, 0.99692, 0.0784227, -0.0199764, -0.078407, 0.996721, -1.11759e-08, -6.99511e-08, -4.65661e-09 )
bones/63/enabled = true
bones/63/bound_children = [  ]
bones/64/name = "MCH-shin_ik.L"
bones/64/parent = 63
bones/64/rest = Transform( 1, -1.13924e-08, -2.15572e-07, -1.8843e-08, 0.990188, -0.139738, 2.15049e-07, 0.139738, 0.990188, 0, 0.356137, -5.58794e-09 )
bones/64/enabled = true
bones/64/bound_children = [  ]
bones/65/name = "MCH-thigh_tweak.L"
bones/65/parent = 21
bones/65/rest = Transform( 0.96953, 0.0404841, -0.241604, -0.060854, -0.915534, -0.39761, -0.237294, 0.400198, -0.885173, 0.091221, -0.0190637, 0.0101935 )
bones/65/enabled = true
bones/65/bound_children = [  ]
bones/66/name = "thigh_tweak.L"
bones/66/parent = 65
bones/66/rest = Transform( 1, 1.58325e-07, 1.5035e-07, -1.58325e-07, 1, 3.53903e-08, -1.5035e-07, -3.53903e-08, 1, -1.49012e-08, 6.51926e-09, -1.86265e-09 )
bones/66/enabled = true
bones/66/bound_children = [  ]
bones/67/name = "DEF-thigh.L"
bones/67/parent = 21
bones/67/rest = Transform( 0.96953, 0.0404842, -0.241604, -0.0608539, -0.915534, -0.39761, -0.237294, 0.400197, -0.885174, 0.091221, -0.0190637, 0.0101935 )
bones/67/enabled = true
bones/67/bound_children = [  ]
bones/68/name = "DEF-thigh.L.001"
bones/68/parent = 67
bones/68/rest = Transform( 1, 2.51457e-08, -2.96859e-09, -2.51457e-08, 1, -2.18861e-08, 2.96859e-09, 2.18861e-08, 1, -3.72529e-09, 0.178069, 9.31323e-09 )
bones/68/enabled = true
bones/68/bound_children = [  ]
bones/69/name = "DEF-shin.L"
bones/69/parent = 68
bones/69/rest = Transform( 1, 5.87128e-08, -1.46849e-07, -7.86572e-08, 0.990188, -0.139738, 1.37204e-07, 0.139738, 0.990188, 0, 0.178069, -5.58794e-09 )
bones/69/enabled = true
bones/69/bound_children = [  ]
bones/70/name = "DEF-shin.L.001"
bones/70/parent = 69
bones/70/rest = Transform( 1, -3.70201e-08, -3.84753e-08, 3.70201e-08, 1, 6.8103e-09, 3.84753e-08, -6.8103e-09, 1, 9.31323e-09, 0.226497, -3.72529e-09 )
bones/70/enabled = true
bones/70/bound_children = [  ]
bones/71/name = "DEF-foot.L"
bones/71/parent = 70
bones/71/rest = Transform( 0.96771, -0.204283, 0.147669, 0.00593852, 0.604148, 0.79685, -0.251997, -0.770242, 0.585853, 1.95578e-08, 0.226497, 1.86265e-09 )
bones/71/enabled = true
bones/71/bound_children = [  ]
bones/72/name = "DEF-toe.L"
bones/72/parent = 71
bones/72/rest = Transform( -0.999973, 0.00733129, 0.000454774, 0.00561022, 0.802253, -0.596957, -0.00474131, -0.596939, -0.802272, 3.79487e-10, 0.136549, -5.82077e-10 )
bones/72/enabled = true
bones/72/bound_children = [  ]
bones/73/name = "thigh_parent.R"
bones/73/parent = 21
bones/73/rest = Transform( 0.998222, -0.0404844, -0.0437465, -0.0545957, -0.915534, -0.398517, -0.0239177, 0.400197, -0.916116, -0.091221, -0.0190637, 0.0101935 )
bones/73/enabled = true
bones/73/bound_children = [  ]
bones/74/name = "MCH-thigh_parent.R"
bones/74/parent = 21
bones/74/rest = Transform( 1, 2.51046e-07, 7.81104e-08, 8.44794e-09, -0.327618, 0.94481, 2.62782e-07, -0.94481, -0.327618, -0.091221, -0.0190637, 0.0101935 )
bones/74/enabled = true
bones/74/bound_children = [  ]
bones/75/name = "thigh_fk.R"
bones/75/parent = 74
bones/75/rest = Transform( 0.96953, -0.0404843, 0.241605, -0.244135, -0.0781646, 0.966586, -0.0202467, -0.996118, -0.0856665, -1.97217e-09, -1.23188e-08, 2.27933e-09 )
bones/75/enabled = true
bones/75/bound_children = [  ]
bones/76/name = "shin_fk.R"
bones/76/parent = 75
bones/76/rest = Transform( 1, 1.19567e-08, 2.30273e-07, 2.03386e-08, 0.990188, -0.139738, -2.29684e-07, 0.139738, 0.990188, -9.31323e-10, 0.356137, 3.72529e-09 )
bones/76/enabled = true
bones/76/bound_children = [  ]
bones/77/name = "MCH-foot_fk.R"
bones/77/parent = 76
bones/77/rest = Transform( 0.96771, 0.204283, -0.14767, -0.00593842, 0.604148, 0.79685, 0.251997, -0.770242, 0.585853, -1.14087e-08, 0.452995, -4.19095e-09 )
bones/77/enabled = true
bones/77/bound_children = [  ]
bones/78/name = "foot_fk.R"
bones/78/parent = 77
bones/78/rest = Transform( 1, 9.21254e-08, 1.43576e-07, -9.21255e-08, 1, 1.34725e-07, -1.43576e-07, -1.34725e-07, 1, -7.78573e-09, 1.01863e-08, 1.47847e-08 )
bones/78/enabled = true
bones/78/bound_children = [  ]
bones/79/name = "MCH-toe_fk.R"
bones/79/parent = 78
bones/79/rest = Transform( -0.999973, -0.00733112, -0.000454591, -0.00561019, 0.802253, -0.596958, 0.00474106, -0.596939, -0.802272, -7.68409e-09, 0.136549, -3.14321e-09 )
bones/79/enabled = true
bones/79/bound_children = [  ]
bones/80/name = "toe_fk.R"
bones/80/parent = 79
bones/80/rest = Transform( 1, 6.98566e-10, 5.85621e-08, -6.98569e-10, 1, 5.2154e-08, -5.85621e-08, -5.2154e-08, 1, 1.75689e-09, 3.45823e-09, 3.60785e-10 )
bones/80/enabled = true
bones/80/bound_children = [  ]
bones/81/name = "MCH-thigh_ik_swing.R"
bones/81/parent = 74
bones/81/rest = Transform( 0.964461, -0.0214124, 0.263354, -0.263458, -0.00212157, 0.964669, -0.0200971, -0.999768, -0.00768745, -1.97217e-09, -1.23188e-08, 2.27933e-09 )
bones/81/enabled = true
bones/81/bound_children = [  ]
bones/82/name = "thigh_ik.R"
bones/82/parent = 81
bones/82/rest = Transform( 0.9998, 0.00156663, -0.0199148, -2.81143e-08, 0.99692, 0.0784227, 0.0199764, -0.078407, 0.996721, 1.11759e-08, -6.98928e-08, -3.25963e-09 )
bones/82/enabled = true
bones/82/bound_children = [  ]
bones/83/name = "MCH-shin_ik.R"
bones/83/parent = 82
bones/83/rest = Transform( 1, 1.28398e-08, 2.52848e-07, 2.26187e-08, 0.990188, -0.139738, -2.52161e-07, 0.139738, 0.990188, -9.31323e-10, 0.356137, -1.86265e-09 )
bones/83/enabled = true
bones/83/bound_children = [  ]
bones/84/name = "MCH-thigh_tweak.R"
bones/84/parent = 21
bones/84/rest = Transform( 0.96953, -0.0404844, 0.241605, 0.0608539, -0.915534, -0.39761, 0.237294, 0.400197, -0.885173, -0.091221, -0.0190637, 0.0101935 )
bones/84/enabled = true
bones/84/bound_children = [  ]
bones/85/name = "thigh_tweak.R"
bones/85/parent = 84
bones/85/rest = Transform( 1, -3.25963e-08, -1.32306e-07, 3.25963e-08, 1, 8.3819e-09, 1.32306e-07, -8.3819e-09, 1, 1.49012e-08, 3.09665e-08, -9.31323e-09 )
bones/85/enabled = true
bones/85/bound_children = [  ]
bones/86/name = "DEF-thigh.R"
bones/86/parent = 21
bones/86/rest = Transform( 0.96953, -0.0404845, 0.241605, 0.0608538, -0.915534, -0.39761, 0.237294, 0.400197, -0.885173, -0.091221, -0.0190637, 0.0101935 )
bones/86/enabled = true
bones/86/bound_children = [  ]
bones/87/name = "DEF-thigh.R.001"
bones/87/parent = 86
bones/87/rest = Transform( 1, 1.58325e-08, 2.50293e-09, -1.58325e-08, 1, -6.93835e-08, -2.50293e-09, 6.93835e-08, 1, 2.14204e-08, 0.178069, 9.31323e-09 )
bones/87/enabled = true
bones/87/bound_children = [  ]
bones/88/name = "DEF-shin.R"
bones/88/parent = 87
bones/88/rest = Transform( 1, -3.7406e-08, 1.67055e-07, 6.03829e-08, 0.990188, -0.139738, -1.60189e-07, 0.139738, 0.990188, -9.31323e-09, 0.178069, -1.86265e-09 )
bones/88/enabled = true
bones/88/bound_children = [  ]
bones/89/name = "DEF-shin.R.001"
bones/89/parent = 88
bones/89/rest = Transform( 1, 2.8871e-08, 6.01285e-08, -2.8871e-08, 1, -4.44707e-08, -6.01285e-08, 4.44707e-08, 1, -1.58325e-08, 0.226497, 1.86265e-09 )
bones/89/enabled = true
bones/89/bound_children = [  ]
bones/90/name = "DEF-foot.R"
bones/90/parent = 89
bones/90/rest = Transform( 0.96771, 0.204283, -0.147669, -0.00593856, 0.604148, 0.79685, 0.251997, -0.770242, 0.585853, -6.51926e-09, 0.226497, 1.86265e-09 )
bones/90/enabled = true
bones/90/bound_children = [  ]
bones/91/name = "DEF-toe.R"
bones/91/parent = 90
bones/91/rest = Transform( -0.999973, -0.0073312, -0.000454802, -0.00561013, 0.802253, -0.596958, 0.00474128, -0.596939, -0.802272, 3.03999e-09, 0.136549, -1.5134e-09 )
bones/91/enabled = true
bones/91/bound_children = [  ]
bones/92/name = "tweak_spine.001"
bones/92/parent = 19
bones/92/rest = Transform( 1, 4.3724e-08, -2.34375e-07, -8.88178e-15, 0.98304, 0.183392, 2.38419e-07, -0.183392, 0.98304, 3.9968e-15, -7.45058e-09, -2.6077e-08 )
bones/92/enabled = true
bones/92/bound_children = [  ]
bones/93/name = "ORG-spine.001"
bones/93/parent = 92
bones/93/rest = Transform( 1, -7.10543e-15, -3.72146e-14, 7.10543e-15, 1, 4.47035e-08, 3.72146e-14, -4.47035e-08, 1, 3.42024e-16, 4.79631e-08, -7.45058e-09 )
bones/93/enabled = true
bones/93/bound_children = [  ]
bones/94/name = "MCH-WGT-hips"
bones/94/parent = 19
bones/94/rest = Transform( 1, -4.13234e-14, 5.50671e-14, 4.13234e-14, 1, -1.49012e-07, -5.50671e-14, 1.49012e-07, 1, 9.06673e-15, -0.0989715, -3.72529e-08 )
bones/94/enabled = true
bones/94/bound_children = [  ]
bones/95/name = "MCH-spine.002"
bones/95/parent = 13
bones/95/rest = Transform( 1, 0, 0, 0, 1, 0, 0, 0, 1, 0, -0.0305367, 0.141954 )
bones/95/enabled = true
bones/95/bound_children = [  ]
bones/96/name = "spine_fk.002"
bones/96/parent = 95
bones/96/rest = Transform( 1, 7.10543e-15, 2.38419e-07, 2.38276e-07, 0.0345265, -0.999404, -8.23177e-09, 0.999404, 0.0345265, 0, 3.72529e-09, 0 )
bones/96/enabled = true
bones/96/bound_children = [  ]
bones/97/name = "MCH-pivot"
bones/97/parent = 96
bones/97/rest = Transform( 1, -4.35936e-08, -2.34399e-07, 3.55271e-15, 0.983142, -0.182845, 2.38418e-07, 0.182845, 0.983142, 1.11022e-16, -1.93249e-08, -4.65661e-10 )
bones/97/enabled = true
bones/97/bound_children = [  ]
bones/98/name = "tweak_spine.002"
bones/98/parent = 97
bones/98/rest = Transform( 1, 3.55271e-15, 2.38418e-07, -4.35936e-08, 0.983142, 0.182845, -2.34399e-07, -0.182845, 0.983142, 7.94093e-23, -8.33534e-08, -3.72529e-09 )
bones/98/enabled = true
bones/98/bound_children = [  ]
bones/99/name = "ORG-spine.002"
bones/99/parent = 98
bones/99/rest = Transform( 1, 1.10717e-14, 1.39749e-14, -1.10717e-14, 1, 4.09782e-08, -1.39749e-14, -4.09782e-08, 1, 6.66134e-16, -1.97906e-08, -1.39698e-09 )
bones/99/enabled = true
bones/99/bound_children = [  ]
bones/100/name = "MCH-spine.003"
bones/100/parent = 96
bones/100/rest = Transform( 1, 2.38276e-07, -8.23177e-09, 1.42109e-14, 0.0345265, 0.999404, 2.38419e-07, -0.999404, 0.0345265, 1.356e-17, 0.140267, -4.65661e-10 )
bones/100/enabled = true
bones/100/bound_children = [  ]
bones/101/name = "spine_fk.003"
bones/101/parent = 100
bones/101/rest = Transform( 1, 7.10543e-14, 2.38419e-07, 2.3829e-07, 0.0328586, -0.99946, -7.83415e-09, 0.99946, 0.0328586, 6.86238e-16, -7.07306e-10, 0 )
bones/101/enabled = true
bones/101/bound_children = [  ]
bones/102/name = "ORG-spine.004"
bones/102/parent = 101
bones/102/rest = Transform( 0.99735, -0.070915, -0.0162432, 0.0660596, 0.976286, -0.206161, 0.0304779, 0.204541, 0.978383, -1.35857e-15, 0.147386, 4.65661e-10 )
bones/102/enabled = true
bones/102/bound_children = [  ]
bones/103/name = "ORG-spine.005"
bones/103/parent = 102
bones/103/rest = Transform( 0.992329, 0.122864, -0.0137181, -0.121798, 0.952591, -0.278812, -0.021188, 0.278344, 0.960248, 1.02445e-08, 0.0400805, 2.60916e-08 )
bones/103/enabled = true
bones/103/bound_children = [  ]
bones/104/name = "ORG-spine.006"
bones/104/parent = 103
bones/104/rest = Transform( 0.998681, -0.049468, -0.0137808, 0.0504639, 0.895732, 0.441721, -0.00950719, -0.441834, 0.897046, 6.62081e-09, 0.0563236, -3.63238e-08 )
bones/104/enabled = true
bones/104/bound_children = [  ]
bones/105/name = "MCH-ROT-neck"
bones/105/parent = 101
bones/105/rest = Transform( 1, 2.3829e-07, -7.83408e-09, -1.42109e-14, 0.0328585, 0.99946, 2.38419e-07, -0.99946, 0.0328585, -1.35857e-15, 0.147386, 4.65661e-10 )
bones/105/enabled = true
bones/105/bound_children = [  ]
bones/106/name = "neck"
bones/106/parent = 105
bones/106/rest = Transform( 0.994926, -7.45058e-09, -0.100608, -0.0948453, -0.333593, -0.937934, -0.0335623, 0.942717, -0.331901, 6.88214e-22, -4.45893e-09, 0 )
bones/106/enabled = true
bones/106/bound_children = [  ]
bones/107/name = "MCH-ROT-head"
bones/107/parent = 106
bones/107/rest = Transform( 0.994926, -0.0948452, -0.0335623, 2.23517e-08, -0.333593, 0.942717, -0.100608, -0.937934, -0.3319, 4.77303e-09, 0.0952875, 6.14673e-08 )
bones/107/enabled = true
bones/107/bound_children = [  ]
bones/108/name = "head"
bones/108/parent = 107
bones/108/rest = Transform( 1, 1.49012e-08, 6.56582e-08, 6.56582e-08, 3.57628e-07, -1, -1.49012e-08, 1, 3.57628e-07, 1.01264e-16, 1.56947e-08, 6.56616e-10 )
bones/108/enabled = true
bones/108/bound_children = [  ]
bones/109/name = "tweak_spine.004"
bones/109/parent = 106
bones/109/rest = Transform( 0.992723, -0.0871825, 0.083063, 0.0726234, 0.983695, 0.164527, -0.0960526, -0.157297, 0.982869, 3.96048e-09, 7.54371e-08, 4.84521e-08 )
bones/109/enabled = true
bones/109/bound_children = [  ]
bones/110/name = "MCH-STR-neck"
bones/110/parent = 106
bones/110/rest = Transform( 1, 3.10036e-09, 4.19095e-09, -3.10036e-09, 1, -4.399e-10, -4.19095e-09, 4.399e-10, 1, 3.96048e-09, 7.54371e-08, 4.84521e-08 )
bones/110/enabled = true
bones/110/bound_children = [  ]
bones/111/name = "MCH-spine.005"
bones/111/parent = 110
bones/111/rest = Transform( 1, -5.0424e-08, 1.25728e-08, 5.0424e-08, 1, 4.7607e-07, -1.25729e-08, -4.7607e-07, 1, -0.00349432, 0.039427, -0.0063045 )
bones/111/enabled = true
bones/111/bound_children = [  ]
bones/112/name = "tweak_spine.005"
bones/112/parent = 111
bones/112/rest = Transform( 0.993967, 0.0620403, 0.0904507, -0.0512315, 0.991777, -0.117276, -0.0969828, 0.111935, 0.988972, -4.65661e-10, 9.58839e-08, -6.69388e-10 )
bones/112/enabled = true
bones/112/bound_children = [  ]
bones/113/name = "tweak_spine.003"
bones/113/parent = 101
bones/113/rest = Transform( 1, -5.46504e-15, -4.9627e-14, 5.46504e-15, 1, -1.86265e-08, 4.9627e-14, 1.86265e-08, 1, -1.2986e-15, 4.42378e-08, 4.65661e-10 )
bones/113/enabled = true
bones/113/bound_children = [  ]
bones/114/name = "ORG-spine.003"
bones/114/parent = 113
bones/114/rest = Transform( 1, 6.45792e-15, -6.93889e-15, -6.45792e-15, 1, 2.23517e-08, 6.93889e-15, -2.23517e-08, 1, -7.43493e-16, 4.35393e-08, 4.65661e-10 )
bones/114/enabled = true
bones/114/bound_children = [  ]
bones/115/name = "ORG-shoulder.L"
bones/115/parent = 114
bones/115/rest = Transform( 0.375842, 0.872415, 0.312464, -0.0507373, -0.317307, 0.946965, 0.925294, -0.371763, -0.0749932, 0.0506613, 0.16293, 0.0288623 )
bones/115/enabled = true
bones/115/bound_children = [  ]
bones/116/name = "ORG-upper_arm.L"
bones/116/parent = 115
bones/116/rest = Transform( -0.185613, 0.261623, 0.947154, -0.351583, 0.882409, -0.312638, -0.917571, -0.391033, -0.0718046, 0.00911529, 0.131623, 0.00976268 )
bones/116/enabled = true
bones/116/bound_children = [  ]
bones/117/name = "ORG-forearm.L"
bones/117/parent = 116
bones/117/rest = Transform( 0.987498, -0.113999, 0.108864, 0.12067, 0.991068, -0.0567756, -0.10142, 0.0692026, 0.992434, -7.86968e-08, 0.243432, -1.86265e-09 )
bones/117/enabled = true
bones/117/bound_children = [  ]
bones/118/name = "ORG-hand.L"
bones/118/parent = 117
bones/118/rest = Transform( 0.99652, -0.0605292, -0.0573116, 0.0585356, 0.997641, -0.0358492, 0.0593463, 0.0323696, 0.997712, -7.68341e-09, 0.244012, -1.86265e-09 )
bones/118/enabled = true
bones/118/bound_children = [  ]
bones/119/name = "MCH-hand_tweak.L"
bones/119/parent = 118
bones/119/rest = Transform( 1, -2.72323e-06, 2.67825e-06, 2.72323e-06, 1, -1.74154e-07, -2.67825e-06, 1.74161e-07, 1, -1.42609e-09, 5.30854e-08, -5.58794e-09 )
bones/119/enabled = true
bones/119/bound_children = [  ]
bones/120/name = "hand_tweak.L"
bones/120/parent = 119
bones/120/rest = Transform( 1, 7.10715e-08, -1.90921e-08, -7.10716e-08, 1, 1.61119e-07, 1.90921e-08, -1.61119e-07, 1, -9.99134e-08, 9.63919e-08, -1.11759e-08 )
bones/120/enabled = true
bones/120/bound_children = [  ]
bones/121/name = "MCH-forearm_tweak.L"
bones/121/parent = 117
bones/121/rest = Transform( 1, 5.15254e-07, -4.39584e-07, -5.15254e-07, 1, -9.31311e-09, 4.39584e-07, 9.31334e-09, 1, 3.00352e-08, 1.04425e-07, -2.04891e-08 )
bones/121/enabled = true
bones/121/bound_children = [  ]
bones/122/name = "forearm_tweak.L"
bones/122/parent = 121
bones/122/rest = Transform( 1, -2.09548e-09, 3.72529e-09, 2.09548e-09, 1, -5.21541e-08, -3.72529e-09, 5.21541e-08, 1, -5.61122e-08, 1.61817e-08, -1.86265e-09 )
bones/122/enabled = true
bones/122/bound_children = [  ]
bones/123/name = "MCH-forearm_tweak.L.001"
bones/123/parent = 117
bones/123/rest = Transform( 0.999573, 5.1972e-07, -0.0292019, -5.19519e-07, 1, 1.44571e-08, 0.0292019, 7.20053e-10, 0.999574, -5.56465e-08, 0.122006, -1.86265e-08 )
bones/123/enabled = true
bones/123/bound_children = [  ]
bones/124/name = "forearm_tweak.L.001"
bones/124/parent = 123
bones/124/rest = Transform( 0.999574, -2.85315e-07, 0.0292017, 2.86284e-07, 1, -2.90046e-08, -0.0292017, 3.73522e-08, 0.999574, 6.90343e-08, 1.26194e-07, -3.25963e-09 )
bones/124/enabled = true
bones/124/bound_children = [  ]
bones/125/name = "MCH-upper_arm_parent_widget.L"
bones/125/parent = 116
bones/125/rest = Transform( 1, -7.26897e-07, 7.30157e-07, 7.26897e-07, 1, -5.49478e-08, -7.30157e-07, 5.49483e-08, 1, -1.28057e-07, -1.78115e-07, -2.79397e-09 )
bones/125/enabled = true
bones/125/bound_children = [  ]
bones/126/name = "MCH-upper_arm_tweak.L.001"
bones/126/parent = 116
bones/126/rest = Transform( 0.998604, 3.4975e-07, 0.0528219, -3.47313e-07, 1, -5.53119e-08, -0.0528219, 3.6889e-08, 0.998604, -1.22236e-07, 0.121716, -5.58794e-09 )
bones/126/enabled = true
bones/126/bound_children = [  ]
bones/127/name = "upper_arm_tweak.L.001"
bones/127/parent = 126
bones/127/rest = Transform( 0.998604, -1.11903e-06, -0.0528212, 1.121e-06, 1, 7.65201e-09, 0.0528212, -6.68538e-08, 0.998604, 8.99618e-08, -1.69966e-08, 4.65661e-10 )
bones/127/enabled = true
bones/127/bound_children = [  ]
bones/128/name = "DEF-shoulder.L"
bones/128/parent = 115
bones/128/rest = Transform( 1, -9.31323e-09, 1.49012e-08, 9.31323e-09, 1, 3.91155e-08, -1.49012e-08, -3.91155e-08, 1, -3.72529e-09, -8.75443e-08, -2.58326e-07 )
bones/128/enabled = true
bones/128/bound_children = [  ]
bones/129/name = "upper_arm_parent.L"
bones/129/parent = 115
bones/129/rest = Transform( 0.855111, 0.261623, -0.447593, -0.0240313, 0.88241, 0.469868, 0.517888, -0.391032, 0.760845, 0.00911529, 0.131623, 0.00976268 )
bones/129/enabled = true
bones/129/bound_children = [  ]
bones/130/name = "MCH-upper_arm_parent.L"
bones/130/parent = 115
bones/130/rest = Transform( 0.375843, -0.926461, -0.0203059, 0.872415, 0.361136, -0.329351, 0.312464, 0.106069, 0.943989, 0.00911529, 0.131623, 0.00976268 )
bones/130/enabled = true
bones/130/bound_children = [  ]
bones/131/name = "upper_arm_fk.L"
bones/131/parent = 130
bones/131/rest = Transform( -0.663196, 0.745973, 0.0607943, -0.0523321, 0.0348106, -0.998023, -0.746614, -0.665066, 0.0159521, -5.15423e-09, 4.68692e-09, -1.06568e-08 )
bones/131/enabled = true
bones/131/bound_children = [  ]
bones/132/name = "forearm_fk.L"
bones/132/parent = 131
bones/132/rest = Transform( 0.987498, -0.113999, 0.108865, 0.120671, 0.991068, -0.0567757, -0.10142, 0.0692026, 0.992434, -2.32831e-10, 0.243432, -7.45058e-09 )
bones/132/enabled = true
bones/132/bound_children = [  ]
bones/133/name = "MCH-hand_fk.L"
bones/133/parent = 132
bones/133/rest = Transform( 0.99652, -0.0605319, -0.0573089, 0.0585383, 0.997641, -0.035849, 0.0593438, 0.0323695, 0.997713, 5.09899e-08, 0.244012, 7.45058e-09 )
bones/133/enabled = true
bones/133/bound_children = [  ]
bones/134/name = "hand_fk.L"
bones/134/parent = 133
bones/134/rest = Transform( 1, 2.64662e-06, -2.67127e-06, -2.64662e-06, 1, 3.35311e-08, 2.67127e-06, -3.35241e-08, 1, -1.13796e-08, -8.14907e-09, -1.86265e-09 )
bones/134/enabled = true
bones/134/bound_children = [  ]
bones/135/name = "MCH-upper_arm_ik_swing.L"
bones/135/parent = 130
bones/135/rest = Transform( -0.620325, 0.784344, -0.00167117, 0.00658113, 0.00307423, -0.999974, -0.784318, -0.620319, -0.00706899, -5.15423e-09, 4.68692e-09, -1.06568e-08 )
bones/135/enabled = true
bones/135/bound_children = [  ]
