[gd_scene load_steps=6 format=2]

[ext_resource path="res://resources/models/items/ranged/double_barrel_shotguns/models_and_animations/double_barrel_reload_everything.glb" type="PackedScene" id=1]

[sub_resource type="AnimationNodeAdd2" id=5]

[sub_resource type="AnimationNodeAnimation" id=6]
animation = "all_together_weapon"

[sub_resource type="AnimationNodeAnimation" id=7]
animation = "all_together"

[sub_resource type="AnimationNodeBlendTree" id=4]
graph_offset = Vector2( -386.427, -32.1502 )
nodes/Add2/node = SubResource( 5 )
nodes/Add2/position = Vector2( 133.305, -0.216233 )
nodes/Animation/node = SubResource( 7 )
nodes/Animation/position = Vector2( -220, -20 )
"nodes/Animation 2/node" = SubResource( 6 )
"nodes/Animation 2/position" = Vector2( -220, 120 )
nodes/output/position = Vector2( 380, 160 )
node_connections = [ "output", 0, "Add2", "Add2", 0, "Animation", "Add2", 1, "Animation 2" ]

[node name="double_barrel_reload_everything" instance=ExtResource( 1 )]

[node name="Skeleton" parent="rig_deform" index="0"]
bones/137/bound_children = [ NodePath("MainHandAttachement") ]

[node name="MainHandAttachement" type="BoneAttachment" parent="rig_deform/Skeleton" index="2"]
transform = Transform( -0.924076, 0.158791, 0.347666, 0.290127, -0.300751, 0.908504, 0.248822, 0.940393, 0.231847, -0.159177, 1.17841, 0.118038 )
bone_name = "DEF-hand.R"

[node name="MainHandEquipmentRoot" type="Position3D" parent="rig_deform/Skeleton/MainHandAttachement" index="0"]
unique_name_in_owner = true
transform = Transform( 0.923101, 0.347211, 0.165328, 0.237098, -0.175367, -0.95553, -0.302776, 0.921247, -0.244204, -0.0255334, 0.084253, 0.0382531 )
__meta__ = {
"_editor_description_": ""
}

[node name="DoubleBarrel_Arm" parent="." index="1"]
transform = Transform( 0.0110815, -0.0275104, -0.99956, -0.0183809, 0.999447, -0.0277111, 0.99977, 0.0186799, 0.0105697, -0.101205, 1.19823, 0.39721 )

[node name="AnimationTree" type="AnimationTree" parent="." index="3"]
tree_root = SubResource( 4 )
anim_player = NodePath("../AnimationPlayer")
active = true
parameters/Add2/add_amount = 1.0
